		[ new Date(2018,3,18,21,6,42), 0, 317.3964, 8.65298, 0, null],
		[ new Date(2018,3,18,21,6,41), 0, 384.591, 11.1621, 0, null],
		[ new Date(2018,3,18,21,6,40), 0, 172.4947, 2.94602, 0, null],
		[ new Date(2018,3,18,21,6,39), 0, 121.29036, 6.38915, 0, null],
		[ new Date(2018,3,18,21,6,38), 0, 236.8944, 12.9077, 0, null],
		[ new Date(2018,3,18,21,6,37), 0, 420.1977, 7.6046, 0, null],
		[ new Date(2018,3,18,21,6,36), 0, 17.82937, 3.0029, 0, null],
		[ new Date(2018,3,18,21,6,35), 0, 4.788, 3.1941, 0, null],
		[ new Date(2018,3,18,21,6,34), 0, 2.0055, 1.01598, 0, null],
		[ new Date(2018,3,18,21,6,33), 0, 2.53502, 2.50875, 0, null],
		[ new Date(2018,3,18,21,6,32), 0, 5.725, 3.2715, 0, null],
		[ new Date(2018,3,18,21,6,31), 0, 0.81323, 3.17807, 0, null],
		[ new Date(2018,3,18,21,6,30), 0, 2.06656, 1.02451, 0, null],
		[ new Date(2018,3,18,21,6,29), 0, 10.53547, 3.16529, 0, null],
		[ new Date(2018,3,18,21,6,28), 0, 228.1387, 4.7535, 0, null],
		[ new Date(2018,3,18,21,6,27), 0, 280.6773, 12.83829, 0, null],
		[ new Date(2018,3,18,21,6,26), 0, 549.0559, 8.65762, 0, null],
		[ new Date(2018,3,18,21,6,25), 0, 306.7541, 7.6348, 0, null],
		[ new Date(2018,3,18,21,6,24), 0, 107.6834, 5.9342, 0, null],
		[ new Date(2018,3,18,21,6,23), 0, 235.7495, 7.2266, 0, null],
		[ new Date(2018,3,18,21,6,22), 0, 540.8722, 4.8208, 0, null],
		[ new Date(2018,3,18,21,6,21), 0, 28.5292, 4.4583, 0, null],
		[ new Date(2018,3,18,21,6,20), 0, 16.9778, 0.9992, 0, null],
		[ new Date(2018,3,18,21,6,19), 0, 0.02592, 1.99561, 0, null],
		[ new Date(2018,3,18,21,6,18), 0, 2.51288, 1.54379, 0, null],
		[ new Date(2018,3,18,21,6,17), 0, 3.5957, 5.3952, 0, null],
		[ new Date(2018,3,18,21,6,16), 0, 1.73658, 1.28573, 0, null],
		[ new Date(2018,3,18,21,6,15), 0, 3.90366, 1.26622, 0, null],
		[ new Date(2018,3,18,21,6,14), 0, 18.51537, 2.60226, 0, null],
		[ new Date(2018,3,18,21,6,13), 0, 110.63261, 1.88502, 0, null],
		[ new Date(2018,3,18,21,6,12), 0, 192.5713, 1.9372, 0, null],
		[ new Date(2018,3,18,21,6,11), 0, 1327.566, 7.0435, 0, null],
		[ new Date(2018,3,18,21,6,10), 0, 240.866, 10.1888, 0, null],
		[ new Date(2018,3,18,21,6,9), 0, 163.03075, 11.2357, 0, null],
		[ new Date(2018,3,18,21,6,8), 0, 256.6208, 12.2666, 0, null],
		[ new Date(2018,3,18,21,6,7), 0, 289.4834, 10.07957, 0, null],
		[ new Date(2018,3,18,21,6,6), 0, 97.7585, 6.2211, 0, null],
		[ new Date(2018,3,18,21,6,5), 0, 152.2526, 3.88968, 0, null],
		[ new Date(2018,3,18,21,6,4), 0, 217.254, 8.4419, 0, null],
		[ new Date(2018,3,18,21,6,3), 0, 270.4819, 7.48849, 0, null],
		[ new Date(2018,3,18,21,6,2), 0, 178.8556, 9.18433, 0, null],
		[ new Date(2018,3,18,21,6,1), 0, 248.9508, 6.65431, 0, null],
		[ new Date(2018,3,18,21,6,0), 0, 337.2526, 10.0782, 0, null],
		[ new Date(2018,3,18,21,5,59), 0, 313.7552, 12.97678, 0, null],
		[ new Date(2018,3,18,21,5,58), 0, 260.1026, 6.5984, 0, null],
		[ new Date(2018,3,18,21,5,57), 0, 177.9344, 5.54346, 0, null],
		[ new Date(2018,3,18,21,5,56), 0, 287.2259, 7.7108, 0, null],
		[ new Date(2018,3,18,21,5,55), 0, 171.1379, 8.14117, 0, null],
		[ new Date(2018,3,18,21,5,54), 0, 269.362, 5.6312, 0, null],
		[ new Date(2018,3,18,21,5,53), 0, 219.3566, 6.5904, 0, null],
		[ new Date(2018,3,18,21,5,52), 0, 304.0141, 8.38826, 0, null],
		[ new Date(2018,3,18,21,5,51), 0, 249.2182, 8.55485, 0, null],
		[ new Date(2018,3,18,21,5,50), 0, 380.5338, 10.2361, 0, null],
		[ new Date(2018,3,18,21,5,49), 0, 450.8467, 7.5071, 0, null],
		[ new Date(2018,3,18,21,5,48), 0, 77.4272, 4.5553, 0, null],
		[ new Date(2018,3,18,21,5,47), 0, 228.8319, 7.45692, 0, null],
		[ new Date(2018,3,18,21,5,46), 0, 253.0949, 4.79442, 0, null],
		[ new Date(2018,3,18,21,5,45), 0, 232.6813, 10.01359, 0, null],
		[ new Date(2018,3,18,21,5,44), 0, 287.7257, 4.78936, 0, null],
		[ new Date(2018,3,18,21,5,43), 0, 223.015, 5.7217, 0, null],
		[ new Date(2018,3,18,21,5,42), 0, 415.7781, 9.40618, 0, null],
		[ new Date(2018,3,18,21,5,41), 0, 255.2864, 10.92328, 0, null],
		[ new Date(2018,3,18,21,5,40), 0, 351.2125, 4.7081, 0, null],
		[ new Date(2018,3,18,21,5,39), 0, 578.3885, 10.3298, 0, null],
		[ new Date(2018,3,18,21,5,38), 0, 233.3781, 5.84712, 0, null],
		[ new Date(2018,3,18,21,5,37), 0, 166.15566, 5.1728, 0, null],
		[ new Date(2018,3,18,21,5,36), 0, 334.0378, 4.9043, 0, null],
		[ new Date(2018,3,18,21,5,35), 0, 249.2276, 9.4814, 0, null],
		[ new Date(2018,3,18,21,5,34), 0, 163.99702, 1.94281, 0, null],
		[ new Date(2018,3,18,21,5,33), 0, 313.6813, 4.91811, 0, null],
		[ new Date(2018,3,18,21,5,32), 0, 350.569, 13.84759, 0, null],
		[ new Date(2018,3,18,21,5,31), 0, 384.1806, 4.7793, 0, null],
		[ new Date(2018,3,18,21,5,30), 0, 318.5067, 7.64843, 0, null],
		[ new Date(2018,3,18,21,5,29), 0, 538.5562, 16.1456, 0, null],
		[ new Date(2018,3,18,21,5,28), 0, 456.7046, 8.36439, 0, null],
		[ new Date(2018,3,18,21,5,27), 0, 84.74847, 3.61278, 0, null],
		[ new Date(2018,3,18,21,5,26), 0, 258.7355, 5.60602, 0, null],
		[ new Date(2018,3,18,21,5,25), 0, 349.185, 6.5684, 0, null],
		[ new Date(2018,3,18,21,5,24), 0, 168.2182, 4.72311, 0, null],
		[ new Date(2018,3,18,21,5,23), 0, 160.83456, 6.4428, 0, null],
		[ new Date(2018,3,18,21,5,22), 0, 369.3002, 7.6492, 0, null],
		[ new Date(2018,3,18,21,5,21), 0, 425.0306, 6.6272, 0, null],
		[ new Date(2018,3,18,21,5,20), 0, 343.543, 8.60977, 0, null],
		[ new Date(2018,3,18,21,5,19), 0, 371.9016, 9.2999, 0, null],
		[ new Date(2018,3,18,21,5,18), 0, 361.4078, 7.65218, 0, null],
		[ new Date(2018,3,18,21,5,17), 0, 358.9206, 11.02828, 0, null],
		[ new Date(2018,3,18,21,5,16), 0, 531.9336, 7.5715, 0, null],
		[ new Date(2018,3,18,21,5,15), 0, 144.49504, 5.40977, 0, null],
		[ new Date(2018,3,18,21,5,14), 0, 214.9312, 4.8067, 0, null],
		[ new Date(2018,3,18,21,5,13), 0, 338.2187, 6.6693, 0, null],
		[ new Date(2018,3,18,21,5,12), 0, 306.9412, 7.41923, 0, null],
		[ new Date(2018,3,18,21,5,11), 0, 366.3643, 5.82219, 0, null],
		[ new Date(2018,3,18,21,5,10), 0, 312.4505, 5.6158, 0, null],
		[ new Date(2018,3,18,21,5,9), 0, 489.5114, 8.40725, 0, null],
		[ new Date(2018,3,18,21,5,8), 0, 387.0715, 6.7919, 0, null],
		[ new Date(2018,3,18,21,5,7), 0, 469.803, 9.18663, 0, null],
		[ new Date(2018,3,18,21,5,6), 0, 458.2229, 5.7401, 0, null],
		[ new Date(2018,3,18,21,5,5), 0, 523.4493, 7.5175, 0, null],
		[ new Date(2018,3,18,21,5,4), 0, 293.2039, 7.72863, 0, null],
		[ new Date(2018,3,18,21,5,3), 0, 293.0849, 2.8185, 0, null],
		[ new Date(2018,3,18,21,5,2), 0, 281.3038, 7.44279, 0, null],
		[ new Date(2018,3,18,21,5,1), 0, 492.2918, 8.5539, 0, null],
		[ new Date(2018,3,18,21,5,0), 0, 546.6331, 7.60716, 0, null],
		[ new Date(2018,3,18,21,4,59), 0, 445.2573, 10.5318, 0, null],
		[ new Date(2018,3,18,21,4,58), 0, 285.1568, 5.85346, 0, null],
		[ new Date(2018,3,18,21,4,57), 0, 714.0763, 6.6671, 0, null],
		[ new Date(2018,3,18,21,4,56), 0, 534.135, 9.677, 0, null],
		[ new Date(2018,3,18,21,4,55), 0, 477.0623, 6.67334, 0, null],
		[ new Date(2018,3,18,21,4,54), 0, 530.8591, 4.92454, 0, null],
		[ new Date(2018,3,18,21,4,53), 0, 414.9939, 8.4911, 0, null],
		[ new Date(2018,3,18,21,4,52), 0, 432.9666, 3.8068, 0, null],
		[ new Date(2018,3,18,21,4,51), 0, 509.0561, 7.60515, 0, null],
		[ new Date(2018,3,18,21,4,50), 0, 526.8422, 7.7353, 0, null],
		[ new Date(2018,3,18,21,4,49), 0, 284.4624, 2.89721, 0, null],
		[ new Date(2018,3,18,21,4,48), 0, 113.82528, 1.12187, 0, null],
		[ new Date(2018,3,18,21,4,47), 0, 610.3186, 8.3901, 0, null],
		[ new Date(2018,3,18,21,4,46), 0, 389.2534, 6.5827, 0, null],
		[ new Date(2018,3,18,21,4,45), 0, 347.574, 4.99274, 0, null],
		[ new Date(2018,3,18,21,4,44), 0, 673.3536, 6.78244, 0, null],
		[ new Date(2018,3,18,21,4,43), 0, 413.4404, 10.46, 0, null],
		[ new Date(2018,3,18,21,4,42), 0, 786.8581, 5.8849, 0, null],
		[ new Date(2018,3,18,21,4,41), 0, 84.96577, 2.10223, 0, null],
		[ new Date(2018,3,18,21,4,40), 0, 826.1578, 11.6028, 0, null],
		[ new Date(2018,3,18,21,4,39), 0, 551.8311, 4.886, 0, null],
		[ new Date(2018,3,18,21,4,38), 0, 734.6986, 8.771, 0, null],
		[ new Date(2018,3,18,21,4,37), 0, 206.6316, 2.90124, 0, null],
		[ new Date(2018,3,18,21,4,36), 0, 1206.861, 6.7105, 0, null],
		[ new Date(2018,3,18,21,4,35), 0, 447.6943, 1.13282, 0, null],
		[ new Date(2018,3,18,21,4,34), 0, 642.6188, 7.3854, 0, null],
		[ new Date(2018,3,18,21,4,33), 0, 145.46253, 2.99685, 0, null],
		[ new Date(2018,3,18,21,4,32), 0, 1554.9537, 7.8706, 0, null],
		[ new Date(2018,3,18,21,4,31), 0, 544.9008, 5.8086, 0, null],
		[ new Date(2018,3,18,21,4,30), 0, 77.39722, 5.51652, 0, null],
		[ new Date(2018,3,18,21,4,29), 0, 995.5882, 9.8002, 0, null],
		[ new Date(2018,3,18,21,4,28), 0, 198.3766, 6.65351, 0, null],
		[ new Date(2018,3,18,21,4,27), 0, 1370.3215, 2.05292, 0, null],
		[ new Date(2018,3,18,21,4,26), 0, 435.6683, 4.9603, 0, null],
		[ new Date(2018,3,18,21,4,25), 0, 442.0069, 6.5855, 0, null],
		[ new Date(2018,3,18,21,4,24), 0, 575.0618, 6.82645, 0, null],
		[ new Date(2018,3,18,21,4,23), 0, 37.64329, 2.00165, 0, null],
		[ new Date(2018,3,18,21,4,22), 0, 442.7399, 5.7473, 0, null],
		[ new Date(2018,3,18,21,4,21), 0, 560.6275, 2.96842, 0, null],
		[ new Date(2018,3,18,21,4,20), 0, 208.517, 1.96252, 0, null],
		[ new Date(2018,3,18,21,4,19), 0, 774.4308, 4.49828, 0, null],
		[ new Date(2018,3,18,21,4,18), 0, 1331.4524, 4.6541, 0, null],
		[ new Date(2018,3,18,21,4,17), 0, 552.0725, 8.53444, 0, null],
		[ new Date(2018,3,18,21,4,16), 0, 73.12234, 2.06326, 0, null],
		[ new Date(2018,3,18,21,4,15), 0, 608.4534, 6.79917, 0, null],
		[ new Date(2018,3,18,21,4,14), 0, 552.4579, 4.3279, 0, null],
		[ new Date(2018,3,18,21,4,13), 0, 178.0291, 4.8126, 0, null],
		[ new Date(2018,3,18,21,4,12), 0, 1122.6486, 4.17066, 0, null],
		[ new Date(2018,3,18,21,4,11), 0, 2205.243, 4.8833, 0, null],
		[ new Date(2018,3,18,21,4,10), 0, 595.6247, 9.4035, 0, null],
		[ new Date(2018,3,18,21,4,9), 0, 271.1068, 1.9529, 0, null],
		[ new Date(2018,3,18,21,4,8), 0, 628.8977, 8.7259, 0, null],
		[ new Date(2018,3,18,21,4,7), 0, 1261.6608, 3.96221, 0, null],
		[ new Date(2018,3,18,21,4,6), 0, 1770.069, 0.9994, 0, null],
		[ new Date(2018,3,18,21,4,5), 0, 1765.69, 3.02362, 0, null],
		[ new Date(2018,3,18,21,4,4), 0, 1763.856, 3.9855, 0, null],
		[ new Date(2018,3,18,21,4,3), 0, 1767.101, 3.96283, 0, null],
		[ new Date(2018,3,18,21,4,2), 0, 1766.346, 1.9995, 0, null],
		[ new Date(2018,3,18,21,4,1), 0, 1765.706, 2.99207, 0, null],
		[ new Date(2018,3,18,21,4,0), 0, 1769.014, 2.9963, 0, null],
		[ new Date(2018,3,18,21,3,59), 0, 1764.182, 6.98487, 0, null],
		[ new Date(2018,3,18,21,3,58), 0, 1744.944, 3.96825, 0, null],
		[ new Date(2018,3,18,21,3,57), 0, 681.2204, 2.9776, 0, null],
		[ new Date(2018,3,18,21,3,56), 0, 7.92958, 1.04111, 0, null],
		[ new Date(2018,3,18,21,3,55), 0, 1.06646, 4.98151, 0, null],
		[ new Date(2018,3,18,21,3,54), 0, 6.994, 2.9987, 0, null],
		[ new Date(2018,3,18,21,3,53), 0, 2.02617, 1.00523, 0, null],
		[ new Date(2018,3,18,21,3,52), 0, 4.4988, 1.4995, 0, null],
		[ new Date(2018,3,18,21,3,51), 0, 4.97191, 2.35062, 0, null],
		[ new Date(2018,3,18,21,3,50), 0, 35.25262, 3.67961, 0, null],
		[ new Date(2018,3,18,21,3,49), 0, 190.765, 1.96057, 0, null],
		[ new Date(2018,3,18,21,3,48), 0, 407.064, 1.9378, 0, null],
		[ new Date(2018,3,18,21,3,47), 0, 2261.148, 0.16165, 0, null],
		[ new Date(2018,3,18,21,3,46), 0, 2295.448, 6.7308, 0, null],
		[ new Date(2018,3,18,21,3,45), 0, 672.4043, 4.90942, 0, null],
		[ new Date(2018,3,18,21,3,44), 0, 437.3198, 2.8569, 0, null],
		[ new Date(2018,3,18,21,3,43), 0, 636.6708, 8.6415, 0, null],
		[ new Date(2018,3,18,21,3,42), 0, 4.9956, 0.9993, 0, null],
		[ new Date(2018,3,18,21,3,41), 0, 2.2491, 0.7496, 0, null],
		[ new Date(2018,3,18,21,3,40), 0, 4.01402, 1.03383, 0, null],
		[ new Date(2018,3,18,21,3,39), 0, 4.9066, 4.0887, 0, null],
		[ new Date(2018,3,18,21,3,38), 0, 1.1991, 0.7994, 0, null],
		[ new Date(2018,3,18,21,3,37), 0, 0.96563, 6.07504, 0, null],
		[ new Date(2018,3,18,21,3,36), 0, 8.9944, 0.9994, 0, null],
		[ new Date(2018,3,18,21,3,35), 0, 11.77248, 0.55243, 0, null],
		[ new Date(2018,3,18,21,3,34), 0, 971.6659, 4.9832, 0, null],
		[ new Date(2018,3,18,21,3,33), 0, 162.48834, 4.70421, 0, null],
		[ new Date(2018,3,18,21,3,32), 0, 792.4522, 2.04322, 0, null],
		[ new Date(2018,3,18,21,3,31), 0, 590.7388, 4.9154, 0, null],
		[ new Date(2018,3,18,21,3,30), 0, 3.6317, 4.3588, 0, null],
		[ new Date(2018,3,18,21,3,29), 0, 4.0189, 2.99226, 0, null],
		[ new Date(2018,3,18,21,3,28), 0, 4.9979, 1.9994, 0, null],
		[ new Date(2018,3,18,21,3,27), 0, 6.9891, 0.9984, 0, null],
		[ new Date(2018,3,18,21,3,26), 0, 2.00583, 1.01536, 0, null],
		[ new Date(2018,3,18,21,3,25), 0, 2.52074, 2.50632, 0, null],
		[ new Date(2018,3,18,21,3,24), 0, 4.1927, 2.796, 0, null],
		[ new Date(2018,3,18,21,3,23), 0, 0.80558, 3.19507, 0, null],
		[ new Date(2018,3,18,21,3,22), 0, 1.36329, 2.65276, 0, null],
		[ new Date(2018,3,18,21,3,21), 0, 5.26012, 0.98811, 0, null],
		[ new Date(2018,3,18,21,3,20), 0, 120.95634, 0.12279, 0, null],
		[ new Date(2018,3,18,21,3,19), 0, 1059.7089, 9.7763, 0, null],
		[ new Date(2018,3,18,21,3,18), 0, 10.308, 3.6821, 0, null],
		[ new Date(2018,3,18,21,3,17), 0, 5.9923, 0, 0, null],
		[ new Date(2018,3,18,21,3,16), 0, 2.9999, 2, 0, null],
		[ new Date(2018,3,18,21,3,15), 0, 2.04201, 0.01029, 0, null],
		[ new Date(2018,3,18,21,3,14), 0, 5.9904, 0.9985, 0, null],
		[ new Date(2018,3,18,21,3,13), 0, 2.6658, 3.3325, 0, null],
		[ new Date(2018,3,18,21,3,12), 0, 0.80677, 2.24947, 0, null],
		[ new Date(2018,3,18,21,3,11), 0, 6.2109, 1.775, 0, null],
		[ new Date(2018,3,18,21,3,10), 0, 3.9985, 1.9992, 0, null],
		[ new Date(2018,3,18,21,3,9), 0, 5.8504, 2.02102, 0, null],
		[ new Date(2018,3,18,21,3,8), 0, 485.0485, 3.94113, 0, null],
		[ new Date(2018,3,18,21,3,7), 0, 950.5932, 5.9096, 0, null],
		[ new Date(2018,3,18,21,3,6), 0, 283.2693, 2.01956, 0, null],
		[ new Date(2018,3,18,21,3,5), 0, 126.1767, 4.7799, 0, null],
		[ new Date(2018,3,18,21,3,4), 0, 546.2972, 7.6676, 0, null],
		[ new Date(2018,3,18,21,3,3), 0, 728.9156, 2.97713, 0, null],
		[ new Date(2018,3,18,21,3,2), 0, 97.86232, 1.99244, 0, null],
		[ new Date(2018,3,18,21,3,1), 0, 619.491, 2.9585, 0, null],
		[ new Date(2018,3,18,21,3,0), 0, 2.53798, 2.51885, 0, null],
		[ new Date(2018,3,18,21,2,59), 0, 5.9948, 3.9961, 0, null],