		[ new Date(2018,3,18,21,6,42), 0.03125, 10372.988, 21.02344, 0, null],
		[ new Date(2018,3,18,21,6,41), 0.03125, 10372.988, 21.02344, 0, null],
		[ new Date(2018,3,18,21,6,40), 0.03125, 10372.849, 21.02344, 0, null],
		[ new Date(2018,3,18,21,6,39), 0.03125, 10372.944, 21.02344, 0, null],
		[ new Date(2018,3,18,21,6,38), 0.03125, 10372.566, 21.02344, 0, null],
		[ new Date(2018,3,18,21,6,37), 0.03125, 10372.545, 21.02344, 0, null],
		[ new Date(2018,3,18,21,6,36), 0.03125, 10372.414, 21.02344, 0, null],
		[ new Date(2018,3,18,21,6,35), 0.03125, 10372.41, 21.02344, 0, null],
		[ new Date(2018,3,18,21,6,34), 0.03125, 10372.414, 21.02344, 0, null],
		[ new Date(2018,3,18,21,6,33), 0.03125, 10372.41, 21.02344, 0, null],
		[ new Date(2018,3,18,21,6,32), 0.03125, 10372.414, 21.02344, 0, null],
		[ new Date(2018,3,18,21,6,31), 0.03125, 10372.41, 21.02344, 0, null],
		[ new Date(2018,3,18,21,6,30), 0.03125, 10372.41, 21.02344, 0, null],
		[ new Date(2018,3,18,21,6,29), 0.03125, 10372.414, 21.02344, 0, null],
		[ new Date(2018,3,18,21,6,28), 0.03125, 10372.414, 21.02344, 0, null],
		[ new Date(2018,3,18,21,6,27), 0.03125, 10371.863, 21.02344, 0, null],
		[ new Date(2018,3,18,21,6,26), 0.03125, 10371.853, 21.02344, 0, null],
		[ new Date(2018,3,18,21,6,25), 0.03125, 10371.703, 21.02344, 0, null],
		[ new Date(2018,3,18,21,6,24), 0.03125, 10371.281, 21.02344, 0, null],
		[ new Date(2018,3,18,21,6,23), 0.03125, 10371.305, 21.02344, 0, null],
		[ new Date(2018,3,18,21,6,22), 0.03125, 10370.883, 21.02344, 0, null],
		[ new Date(2018,3,18,21,6,21), 0.03125, 10370.336, 21.02344, 0, null],
		[ new Date(2018,3,18,21,6,20), 0.03125, 10370.324, 21.02344, 0, null],
		[ new Date(2018,3,18,21,6,19), 0.03125, 10370.324, 21.02344, 0, null],
		[ new Date(2018,3,18,21,6,18), 0.03125, 10370.32, 21.02344, 0, null],
		[ new Date(2018,3,18,21,6,17), 0.03125, 10370.324, 21.02344, 0, null],
		[ new Date(2018,3,18,21,6,16), 0.03125, 10370.322, 21.02344, 0, null],
		[ new Date(2018,3,18,21,6,15), 0.03125, 10370.449, 21.02344, 0, null],
		[ new Date(2018,3,18,21,6,14), 0.03125, 10370.449, 21.02344, 0, null],
		[ new Date(2018,3,18,21,6,13), 0.03125, 10370.451, 21.02344, 0, null],
		[ new Date(2018,3,18,21,6,12), 0.03125, 10370.281, 21.02344, 0, null],
		[ new Date(2018,3,18,21,6,11), 0.03125, 10368.905, 21.02344, 0, null],
		[ new Date(2018,3,18,21,6,10), 0.03125, 10347.641, 21.02344, 0, null],
		[ new Date(2018,3,18,21,6,9), 0.03125, 10347.449, 21.02344, 0, null],
		[ new Date(2018,3,18,21,6,8), 0.03125, 10347.43, 21.02344, 0, null],
		[ new Date(2018,3,18,21,6,7), 0.03125, 10347.338, 21.02344, 0, null],
		[ new Date(2018,3,18,21,6,6), 0.03125, 10347.23, 21.02344, 0, null],
		[ new Date(2018,3,18,21,6,5), 0.03125, 10347.132, 21.02344, 0, null],
		[ new Date(2018,3,18,21,6,4), 0.03125, 10347.066, 21.02344, 0, null],
		[ new Date(2018,3,18,21,6,3), 0.03125, 10346.968, 21.02344, 0, null],
		[ new Date(2018,3,18,21,6,2), 0.03125, 10346.931, 21.02344, 0, null],
		[ new Date(2018,3,18,21,6,1), 0.03125, 10346.737, 21.02344, 0, null],
		[ new Date(2018,3,18,21,6,0), 0.03125, 10346.641, 21.02344, 0, null],
		[ new Date(2018,3,18,21,5,59), 0.03125, 10346.536, 21.02344, 0, null],
		[ new Date(2018,3,18,21,5,58), 0.03125, 10346.328, 21.02344, 0, null],
		[ new Date(2018,3,18,21,5,57), 0.03125, 10346.42, 21.02344, 0, null],
		[ new Date(2018,3,18,21,5,56), 0.03125, 10345.957, 21.02344, 0, null],
		[ new Date(2018,3,18,21,5,55), 0.03125, 10345.69, 21.02344, 0, null],
		[ new Date(2018,3,18,21,5,54), 0.03125, 10345.562, 21.02344, 0, null],
		[ new Date(2018,3,18,21,5,53), 0.03125, 10345.523, 21.02344, 0, null],
		[ new Date(2018,3,18,21,5,52), 0.03125, 10345.472, 21.02344, 0, null],
		[ new Date(2018,3,18,21,5,51), 0.03125, 10345.445, 21.02344, 0, null],
		[ new Date(2018,3,18,21,5,50), 0.03125, 10345.152, 21.02344, 0, null],
		[ new Date(2018,3,18,21,5,49), 0.03125, 10344.951, 21.02344, 0, null],
		[ new Date(2018,3,18,21,5,48), 0.03125, 10344.816, 21.02344, 0, null],
		[ new Date(2018,3,18,21,5,47), 0.03125, 10344.659, 21.02344, 0, null],
		[ new Date(2018,3,18,21,5,46), 0.03125, 10344.535, 21.02344, 0, null],
		[ new Date(2018,3,18,21,5,45), 0.03125, 10344.53, 21.02344, 0, null],
		[ new Date(2018,3,18,21,5,44), 0.03125, 10344.427, 21.02344, 0, null],
		[ new Date(2018,3,18,21,5,43), 0.03125, 10344.191, 21.02344, 0, null],
		[ new Date(2018,3,18,21,5,42), 0.03125, 10344.053, 21.02344, 0, null],
		[ new Date(2018,3,18,21,5,41), 0.03125, 10343.947, 21.02344, 0, null],
		[ new Date(2018,3,18,21,5,40), 0.03125, 10343.805, 21.02344, 0, null],
		[ new Date(2018,3,18,21,5,39), 0.03125, 10343.242, 21.02344, 0, null],
		[ new Date(2018,3,18,21,5,38), 0.03125, 10342.782, 21.02344, 0, null],
		[ new Date(2018,3,18,21,5,37), 0.03125, 10342.53, 21.02344, 0, null],
		[ new Date(2018,3,18,21,5,36), 0.03125, 10342.398, 21.02344, 0, null],
		[ new Date(2018,3,18,21,5,35), 0.03125, 10342.332, 21.02344, 0, null],
		[ new Date(2018,3,18,21,5,34), 0.03125, 10342.292, 21.02344, 0, null],
		[ new Date(2018,3,18,21,5,33), 0.03125, 10342.203, 21.02344, 0, null],
		[ new Date(2018,3,18,21,5,32), 0.03125, 10342.201, 21.02344, 0, null],
		[ new Date(2018,3,18,21,5,31), 0.03125, 10342.047, 21.02344, 0, null],
		[ new Date(2018,3,18,21,5,30), 0.03125, 10342.028, 21.02344, 0, null],
		[ new Date(2018,3,18,21,5,29), 0.03125, 10341.797, 21.02344, 0, null],
		[ new Date(2018,3,18,21,5,28), 0.03125, 10341.751, 21.02344, 0, null],
		[ new Date(2018,3,18,21,5,27), 0.03125, 10341.56, 21.02344, 0, null],
		[ new Date(2018,3,18,21,5,26), 0.03125, 10341.641, 21.02344, 0, null],
		[ new Date(2018,3,18,21,5,25), 0.03125, 10341.422, 21.02344, 0, null],
		[ new Date(2018,3,18,21,5,24), 0.03125, 10341.322, 21.02344, 0, null],
		[ new Date(2018,3,18,21,5,23), 0.03125, 10341.149, 21.02344, 0, null],
		[ new Date(2018,3,18,21,5,22), 0.03125, 10340.922, 21.02344, 0, null],
		[ new Date(2018,3,18,21,5,21), 0.03125, 10340.918, 21.02344, 0, null],
		[ new Date(2018,3,18,21,5,20), 0.03125, 10340.542, 21.02344, 0, null],
		[ new Date(2018,3,18,21,5,19), 0.03125, 10340.477, 21.02344, 0, null],
		[ new Date(2018,3,18,21,5,18), 0.03125, 10340.105, 21.02344, 0, null],
		[ new Date(2018,3,18,21,5,17), 0.03125, 10340.098, 21.02344, 0, null],
		[ new Date(2018,3,18,21,5,16), 0.03125, 10339.504, 21.02344, 0, null],
		[ new Date(2018,3,18,21,5,15), 0.03125, 10339.027, 21.02344, 0, null],
		[ new Date(2018,3,18,21,5,14), 0.03125, 10339.012, 21.02344, 0, null],
		[ new Date(2018,3,18,21,5,13), 0.03125, 10338.715, 21.02344, 0, null],
		[ new Date(2018,3,18,21,5,12), 0.03125, 10338.695, 21.02344, 0, null],
		[ new Date(2018,3,18,21,5,11), 0.03125, 10338.645, 21.02344, 0, null],
		[ new Date(2018,3,18,21,5,10), 0.03125, 10338.402, 21.02344, 0, null],
		[ new Date(2018,3,18,21,5,9), 0.03125, 10338.311, 21.02344, 0, null],
		[ new Date(2018,3,18,21,5,8), 0.03125, 10337.848, 21.02344, 0, null],
		[ new Date(2018,3,18,21,5,7), 0.03125, 10337.776, 21.02344, 0, null],
		[ new Date(2018,3,18,21,5,6), 0.03125, 10337.34, 21.02344, 0, null],
		[ new Date(2018,3,18,21,5,5), 0.03125, 10337.293, 21.02344, 0, null],
		[ new Date(2018,3,18,21,5,4), 0.03125, 10336.645, 21.02344, 0, null],
		[ new Date(2018,3,18,21,5,3), 0.03125, 10336.098, 21.02344, 0, null],
		[ new Date(2018,3,18,21,5,2), 0.03125, 10335.796, 21.02344, 0, null],
		[ new Date(2018,3,18,21,5,1), 0.03125, 10334.816, 21.02344, 0, null],
		[ new Date(2018,3,18,21,5,0), 0.03125, 10334.795, 21.02344, 0, null],
		[ new Date(2018,3,18,21,4,59), 0.03125, 10334.664, 21.02344, 0, null],
		[ new Date(2018,3,18,21,4,58), 0.03125, 10333.712, 21.02344, 0, null],
		[ new Date(2018,3,18,21,4,57), 0.03125, 10333.16, 21.02344, 0, null],
		[ new Date(2018,3,18,21,4,56), 0.03125, 10333.047, 21.02344, 0, null],
		[ new Date(2018,3,18,21,4,55), 0.03125, 10331.808, 21.02344, 0, null],
		[ new Date(2018,3,18,21,4,54), 0.03125, 10331.139, 21.02344, 0, null],
		[ new Date(2018,3,18,21,4,53), 0.03125, 10329.219, 21.02344, 0, null],
		[ new Date(2018,3,18,21,4,52), 0.03125, 10329.066, 21.02344, 0, null],
		[ new Date(2018,3,18,21,4,51), 0.03125, 10328.469, 21.02344, 0, null],
		[ new Date(2018,3,18,21,4,50), 0.03125, 10326.633, 21.02344, 0, null],
		[ new Date(2018,3,18,21,4,49), 0.03125, 10326.309, 21.02344, 0, null],
		[ new Date(2018,3,18,21,4,48), 0.03125, 10325.46, 21.02344, 0, null],
		[ new Date(2018,3,18,21,4,47), 0.03125, 10325.172, 21.02344, 0, null],
		[ new Date(2018,3,18,21,4,46), 0.03125, 10324.953, 21.02344, 0, null],
		[ new Date(2018,3,18,21,4,45), 0.03125, 10322.551, 21.02344, 0, null],
		[ new Date(2018,3,18,21,4,44), 0.03125, 10322.254, 21.02344, 0, null],
		[ new Date(2018,3,18,21,4,43), 0.03125, 10321.805, 21.02344, 0, null],
		[ new Date(2018,3,18,21,4,42), 0.03125, 10318.566, 21.02344, 0, null],
		[ new Date(2018,3,18,21,4,41), 0.03125, 10318.216, 21.02344, 0, null],
		[ new Date(2018,3,18,21,4,40), 0.03125, 10318.008, 21.02344, 0, null],
		[ new Date(2018,3,18,21,4,39), 0.03125, 10317.095, 21.02344, 0, null],
		[ new Date(2018,3,18,21,4,38), 0.03125, 10310.832, 21.02344, 0, null],
		[ new Date(2018,3,18,21,4,37), 0.03125, 10310.739, 21.02344, 0, null],
		[ new Date(2018,3,18,21,4,36), 0.03125, 10308.992, 21.02344, 0, null],
		[ new Date(2018,3,18,21,4,35), 0.03125, 10308.407, 21.02344, 0, null],
		[ new Date(2018,3,18,21,4,34), 0.03125, 10301.621, 21.02344, 0, null],
		[ new Date(2018,3,18,21,4,33), 0.03125, 10301.306, 21.02344, 0, null],
		[ new Date(2018,3,18,21,4,32), 0.03125, 10298.414, 21.02344, 0, null],
		[ new Date(2018,3,18,21,4,31), 0.03125, 10298.102, 21.02344, 0, null],
		[ new Date(2018,3,18,21,4,30), 0.03125, 10297.363, 21.02344, 0, null],
		[ new Date(2018,3,18,21,4,29), 0.03125, 10294.605, 21.02344, 0, null],
		[ new Date(2018,3,18,21,4,28), 0.03125, 10294.1, 21.02344, 0, null],
		[ new Date(2018,3,18,21,4,27), 0.03125, 10292.144, 21.02344, 0, null],
		[ new Date(2018,3,18,21,4,26), 0.03125, 10291.891, 21.02344, 0, null],
		[ new Date(2018,3,18,21,4,25), 0.03125, 10291.59, 21.02344, 0, null],
		[ new Date(2018,3,18,21,4,24), 0.03125, 10290.01, 21.02344, 0, null],
		[ new Date(2018,3,18,21,4,23), 0.03125, 10289.772, 21.02344, 0, null],
		[ new Date(2018,3,18,21,4,22), 0.03125, 10284.145, 21.02344, 0, null],
		[ new Date(2018,3,18,21,4,21), 0.03125, 10281.082, 21.02344, 0, null],
		[ new Date(2018,3,18,21,4,20), 0.03125, 10281.043, 21.02344, 0, null],
		[ new Date(2018,3,18,21,4,19), 0.03125, 10278.358, 21.02344, 0, null],
		[ new Date(2018,3,18,21,4,18), 0.03125, 10278.078, 21.02344, 0, null],
		[ new Date(2018,3,18,21,4,17), 0.03125, 10278.198, 21.02344, 0, null],
		[ new Date(2018,3,18,21,4,16), 0.03125, 10277.093, 21.02344, 0, null],
		[ new Date(2018,3,18,21,4,15), 0.03125, 10270.263, 21.02344, 0, null],
		[ new Date(2018,3,18,21,4,14), 0.03125, 10269.852, 21.02344, 0, null],
		[ new Date(2018,3,18,21,4,13), 0.03125, 10269.699, 21.02344, 0, null],
		[ new Date(2018,3,18,21,4,12), 0.03125, 10267.179, 21.02344, 0, null],
		[ new Date(2018,3,18,21,4,11), 0.03125, 10275.754, 21.02344, 0, null],
		[ new Date(2018,3,18,21,4,10), 0.03125, 10289.77, 21.02344, 0, null],
		[ new Date(2018,3,18,21,4,9), 0.03125, 10289.406, 21.02344, 0, null],
		[ new Date(2018,3,18,21,4,8), 0.03125, 10276.332, 21.02344, 0, null],
		[ new Date(2018,3,18,21,4,7), 0.03125, 10271.492, 21.02344, 0, null],
		[ new Date(2018,3,18,21,4,6), 0.03125, 10271.148, 21.02344, 0, null],
		[ new Date(2018,3,18,21,4,5), 0.03125, 10271.148, 21.02344, 0, null],
		[ new Date(2018,3,18,21,4,4), 0.03125, 10271.133, 21.02344, 0, null],
		[ new Date(2018,3,18,21,4,3), 0.03125, 10271.117, 21.02344, 0, null],
		[ new Date(2018,3,18,21,4,2), 0.03125, 10271.113, 21.02344, 0, null],
		[ new Date(2018,3,18,21,4,1), 0.03125, 10271.094, 21.02344, 0, null],
		[ new Date(2018,3,18,21,4,0), 0.03125, 10271.098, 21.02344, 0, null],
		[ new Date(2018,3,18,21,3,59), 0.03125, 10271.094, 21.02344, 0, null],
		[ new Date(2018,3,18,21,3,58), 0.03125, 10268.145, 21.02344, 0, null],
		[ new Date(2018,3,18,21,3,57), 0.03125, 10142.41, 21.02344, 0, null],
		[ new Date(2018,3,18,21,3,56), 0.03125, 10142.297, 21.02344, 0, null],
		[ new Date(2018,3,18,21,3,55), 0.03125, 10142.281, 21.02344, 0, null],
		[ new Date(2018,3,18,21,3,54), 0.03125, 10142.285, 21.02344, 0, null],
		[ new Date(2018,3,18,21,3,53), 0.03125, 10142.285, 21.02344, 0, null],
		[ new Date(2018,3,18,21,3,52), 0.03125, 10142.285, 21.02344, 0, null],
		[ new Date(2018,3,18,21,3,51), 0.03125, 10142.281, 21.02344, 0, null],
		[ new Date(2018,3,18,21,3,50), 0.03125, 10142.281, 21.02344, 0, null],
		[ new Date(2018,3,18,21,3,49), 0.03125, 10142.237, 21.02344, 0, null],
		[ new Date(2018,3,18,21,3,48), 0.03125, 10139.935, 21.02344, 0, null],
		[ new Date(2018,3,18,21,3,47), 0.03125, 10131.186, 21.02344, 0, null],
		[ new Date(2018,3,18,21,3,46), 0.03125, 10110.492, 21.02344, 0, null],
		[ new Date(2018,3,18,21,3,45), 0.03125, 10131.779, 21.02344, 0, null],
		[ new Date(2018,3,18,21,3,44), 0.03125, 10127.645, 21.02344, 0, null],
		[ new Date(2018,3,18,21,3,43), 0.03125, 10118.484, 21.02344, 0, null],
		[ new Date(2018,3,18,21,3,42), 0.03125, 10088.117, 21.02344, 0, null],
		[ new Date(2018,3,18,21,3,41), 0.03125, 10088.121, 21.02344, 0, null],
		[ new Date(2018,3,18,21,3,40), 0.03125, 10088.121, 21.02344, 0, null],
		[ new Date(2018,3,18,21,3,39), 0.03125, 10088.117, 21.02344, 0, null],
		[ new Date(2018,3,18,21,3,38), 0.03125, 10088.117, 21.02344, 0, null],
		[ new Date(2018,3,18,21,3,37), 0.03125, 10088.121, 21.02344, 0, null],
		[ new Date(2018,3,18,21,3,36), 0.03125, 10088.121, 21.02344, 0, null],
		[ new Date(2018,3,18,21,3,35), 0.03125, 10088.121, 21.02344, 0, null],
		[ new Date(2018,3,18,21,3,34), 0.03125, 10088.105, 21.02344, 0, null],
		[ new Date(2018,3,18,21,3,33), 0.03125, 9952.091, 21.02344, 0, null],
		[ new Date(2018,3,18,21,3,32), 0.03125, 9951.209, 21.02344, 0, null],
		[ new Date(2018,3,18,21,3,31), 0.03125, 9948.59, 21.02344, 0, null],
		[ new Date(2018,3,18,21,3,30), 0.03125, 9946.582, 21.02344, 0, null],
		[ new Date(2018,3,18,21,3,29), 0.03125, 9946.578, 21.02344, 0, null],
		[ new Date(2018,3,18,21,3,28), 0.03125, 9946.578, 21.02344, 0, null],
		[ new Date(2018,3,18,21,3,27), 0.03125, 9946.582, 21.02344, 0, null],
		[ new Date(2018,3,18,21,3,26), 0.03125, 9946.582, 21.02344, 0, null],
		[ new Date(2018,3,18,21,3,25), 0.03125, 9946.578, 21.02344, 0, null],
		[ new Date(2018,3,18,21,3,24), 0.03125, 9946.582, 21.02344, 0, null],
		[ new Date(2018,3,18,21,3,23), 0.03125, 9946.578, 21.02344, 0, null],
		[ new Date(2018,3,18,21,3,22), 0.03125, 9946.578, 21.02344, 0, null],
		[ new Date(2018,3,18,21,3,21), 0.03125, 9946.578, 21.02344, 0, null],
		[ new Date(2018,3,18,21,3,20), 0.03125, 9946.581, 21.02344, 0, null],
		[ new Date(2018,3,18,21,3,19), 0.03125, 9946.504, 21.02344, 0, null],
		[ new Date(2018,3,18,21,3,18), 0.03125, 9928.867, 21.02344, 0, null],
		[ new Date(2018,3,18,21,3,17), 0.03125, 9928.863, 21.02344, 0, null],
		[ new Date(2018,3,18,21,3,16), 0.03125, 9928.863, 21.02344, 0, null],
		[ new Date(2018,3,18,21,3,15), 0.03125, 9928.863, 21.02344, 0, null],
		[ new Date(2018,3,18,21,3,14), 0.03125, 9928.859, 21.02344, 0, null],
		[ new Date(2018,3,18,21,3,13), 0.03125, 9928.863, 21.02344, 0, null],
		[ new Date(2018,3,18,21,3,12), 0.03125, 9928.863, 21.02344, 0, null],
		[ new Date(2018,3,18,21,3,11), 0.03125, 9928.859, 21.02344, 0, null],
		[ new Date(2018,3,18,21,3,10), 0.03125, 9928.863, 21.02344, 0, null],
		[ new Date(2018,3,18,21,3,9), 0.03125, 9928.863, 21.02344, 0, null],
		[ new Date(2018,3,18,21,3,8), 0.03125, 9928.862, 21.02344, 0, null],
		[ new Date(2018,3,18,21,3,7), 0.03125, 9928.746, 21.02344, 0, null],
		[ new Date(2018,3,18,21,3,6), 0.03125, 9764.583, 21.02344, 0, null],
		[ new Date(2018,3,18,21,3,5), 0.03125, 9780.016, 21.02344, 0, null],
		[ new Date(2018,3,18,21,3,4), 0.03125, 9772.793, 21.02344, 0, null],
		[ new Date(2018,3,18,21,3,3), 0.03125, 9772.038, 21.02344, 0, null],
		[ new Date(2018,3,18,21,3,2), 0.03125, 9775.127, 21.02344, 0, null],
		[ new Date(2018,3,18,21,3,1), 0.03125, 9771.07, 21.02344, 0, null],
		[ new Date(2018,3,18,21,3,0), 0.03125, 9757.402, 21.02344, 0, null],
		[ new Date(2018,3,18,21,2,59), 0.03125, 9757.402, 21.02344, 0, null],