		[ new Date(2018,3,18,19,31,4), 0, 7.97737, 2.01876, 0, null],
		[ new Date(2018,3,18,19,31,3), 0, 10.3574, 3.66599, 0, null],
		[ new Date(2018,3,18,19,31,2), 0, 418.0374, 8.7288, 0, null],
		[ new Date(2018,3,18,19,31,1), 0, 598.7191, 4.9983, 0, null],
		[ new Date(2018,3,18,19,31,0), 0, 94.53498, 6.6885, 0, null],
		[ new Date(2018,3,18,19,30,59), 0, 590.38, 4.05524, 0, null],
		[ new Date(2018,3,18,19,30,58), 0, 445.7799, 8.8606, 0, null],
		[ new Date(2018,3,18,19,30,57), 0, 236.6419, 11.80274, 0, null],
		[ new Date(2018,3,18,19,30,56), 0, 589.1034, 4.00042, 0, null],
		[ new Date(2018,3,18,19,30,55), 0, 257.7595, 4.9972, 0, null],
		[ new Date(2018,3,18,19,30,54), 0, 566.9399, 4.99502, 0, null],
		[ new Date(2018,3,18,19,30,53), 0, 292.8959, 5.8988, 0, null],
		[ new Date(2018,3,18,19,30,52), 0, 557.3109, 5.01477, 0, null],
		[ new Date(2018,3,18,19,30,51), 0, 233.9811, 9.71724, 0, null],
		[ new Date(2018,3,18,19,30,50), 0, 59.57687, 2.86816, 0, null],
		[ new Date(2018,3,18,19,30,49), 0, 716.9831, 4.98326, 0, null],
		[ new Date(2018,3,18,19,30,48), 0, 339.2094, 9.9222, 0, null],
		[ new Date(2018,3,18,19,30,47), 0, 210.0838, 5.8367, 0, null],
		[ new Date(2018,3,18,19,30,46), 0, 929.5167, 6.97144, 0, null],
		[ new Date(2018,3,18,19,30,45), 0, 456.004, 9.92141, 0, null],
		[ new Date(2018,3,18,19,30,44), 0, 295.5461, 5.9363, 0, null],
		[ new Date(2018,3,18,19,30,43), 0, 523.2572, 4.03579, 0, null],
		[ new Date(2018,3,18,19,30,42), 0, 262.8983, 9.5451, 0, null],
		[ new Date(2018,3,18,19,30,41), 0, 121.4413, 1.9982, 0, null],
		[ new Date(2018,3,18,19,30,40), 0, 457.6527, 2.9596, 0, null],
		[ new Date(2018,3,18,19,30,39), 0, 114.13984, 6.71313, 0, null],
		[ new Date(2018,3,18,19,30,38), 0, 177.1046, 5.8077, 0, null],
		[ new Date(2018,3,18,19,30,37), 0, 616.731, 5.93476, 0, null],
		[ new Date(2018,3,18,19,30,36), 0, 19.8255, 5.1713, 0, null],
		[ new Date(2018,3,18,19,30,35), 0, 84.07361, 5.94658, 0, null],
		[ new Date(2018,3,18,19,30,34), 0, 161.1411, 6.7948, 0, null],
		[ new Date(2018,3,18,19,30,33), 0, 453.0019, 11.81576, 0, null],
		[ new Date(2018,3,18,19,30,32), 0, 582.7652, 6.8901, 0, null],
		[ new Date(2018,3,18,19,30,31), 0, 27.84334, 4.35349, 0, null],
		[ new Date(2018,3,18,19,30,30), 0, 38.5439, 6.4255, 0, null],
		[ new Date(2018,3,18,19,30,29), 0, 775.546, 6.9435, 0, null],
		[ new Date(2018,3,18,19,30,28), 0, 519.1271, 9.8567, 0, null],
		[ new Date(2018,3,18,19,30,27), 0, 101.4166, 8.5314, 0, null],
		[ new Date(2018,3,18,19,30,26), 0, 74.5334, 4.64842, 0, null],
		[ new Date(2018,3,18,19,30,25), 0, 976.5266, 9.03593, 0, null],
		[ new Date(2018,3,18,19,30,24), 0, 450.157, 13.7277, 0, null],
		[ new Date(2018,3,18,19,30,23), 0, 45.68562, 3.98949, 0, null],
		[ new Date(2018,3,18,19,30,22), 0, 331.9283, 9.6786, 0, null],
		[ new Date(2018,3,18,19,30,21), 0, 538.9386, 6.92475, 0, null],
		[ new Date(2018,3,18,19,30,20), 0, 125.078, 3.9088, 0, null],
		[ new Date(2018,3,18,19,30,19), 0, 34.60324, 2.889, 0, null],
		[ new Date(2018,3,18,19,30,18), 0, 991.6993, 18.75835, 0, null],
		[ new Date(2018,3,18,19,30,17), 0, 289.5426, 12.5372, 0, null],
		[ new Date(2018,3,18,19,30,16), 0, 92.2561, 8.7399, 0, null],
		[ new Date(2018,3,18,19,30,15), 0, 150.9996, 2.9799, 0, null],
		[ new Date(2018,3,18,19,30,14), 0, 84.37802, 4.90639, 0, null],
		[ new Date(2018,3,18,19,30,13), 0, 799.9596, 20.60551, 0, null],
		[ new Date(2018,3,18,19,30,12), 0, 572.9773, 10.9012, 0, null],
		[ new Date(2018,3,18,19,30,11), 0, 23.93823, 3.98565, 0, null],
		[ new Date(2018,3,18,19,30,10), 0, 22.3854, 2.98022, 0, null],
		[ new Date(2018,3,18,19,30,9), 0, 277.2628, 11.675, 0, null],
		[ new Date(2018,3,18,19,30,8), 0, 184.7732, 0.10034, 0, null],
		[ new Date(2018,3,18,19,30,7), 0, 509.2488, 7.1475, 0, null],
		[ new Date(2018,3,18,19,30,6), 0, 117.93741, 9.56125, 0, null],
		[ new Date(2018,3,18,19,30,5), 0, 160.1371, 4.7955, 0, null],
		[ new Date(2018,3,18,19,30,4), 0, 629.289, 3.05241, 0, null],
		[ new Date(2018,3,18,19,30,3), 0, 129.8082, 9.0811, 0, null],
		[ new Date(2018,3,18,19,30,2), 0, 68.24861, 7.7194, 0, null],
		[ new Date(2018,3,18,19,30,1), 0, 266.3681, 7.7681, 0, null],
		[ new Date(2018,3,18,19,30,0), 0, 495.8824, 3.99231, 0, null],
		[ new Date(2018,3,18,19,29,59), 0, 180.4342, 4.7619, 0, null],
		[ new Date(2018,3,18,19,29,58), 0, 136.61764, 8.67696, 0, null],
		[ new Date(2018,3,18,19,29,57), 0, 164.48961, 11.42819, 0, null],
		[ new Date(2018,3,18,19,29,56), 0, 795.8665, 3.95208, 0, null],
		[ new Date(2018,3,18,19,29,55), 0, 57.3495, 3.6415, 0, null],
		[ new Date(2018,3,18,19,29,54), 0, 51.50141, 9.74737, 0, null],
		[ new Date(2018,3,18,19,29,53), 0, 164.47976, 2.78844, 0, null],
		[ new Date(2018,3,18,19,29,52), 0, 739.5664, 0, 0, null],
		[ new Date(2018,3,18,19,29,51), 0, 12.15207, 4.95274, 0, null],
		[ new Date(2018,3,18,19,29,50), 0, 113.31126, 1.07589, 0, null],
		[ new Date(2018,3,18,19,29,49), 0, 688.9547, 7.8006, 0, null],
		[ new Date(2018,3,18,19,29,48), 0, 5.17224, 4.97247, 0, null],
		[ new Date(2018,3,18,19,29,47), 0, 20.165, 1.833, 0, null],
		[ new Date(2018,3,18,19,29,46), 0, 189.0989, 5.80771, 0, null],
		[ new Date(2018,3,18,19,29,45), 0, 168.0695, 6.8021, 0, null],
		[ new Date(2018,3,18,19,29,44), 0, 625.5572, 5.89104, 0, null],
		[ new Date(2018,3,18,19,29,43), 0, 243.6893, 4.6005, 0, null],
		[ new Date(2018,3,18,19,29,42), 0, 244.1369, 8.73583, 0, null],
		[ new Date(2018,3,18,19,29,41), 0, 13.1126, 1.8738, 0, null],
		[ new Date(2018,3,18,19,29,40), 0, 34.1446, 1.8458, 0, null],
		[ new Date(2018,3,18,19,29,39), 0, 6.02507, 5.05061, 0, null],
		[ new Date(2018,3,18,19,29,38), 0, 19.17032, 2.90462, 0, null],
		[ new Date(2018,3,18,19,29,37), 0, 417.4165, 8.5374, 0, null],
		[ new Date(2018,3,18,19,29,36), 0, 94.99569, 4.01016, 0, null],
		[ new Date(2018,3,18,19,29,35), 0, 171.0754, 4.8063, 0, null],
		[ new Date(2018,3,18,19,29,34), 0, 304.5217, 3.02626, 0, null],
		[ new Date(2018,3,18,19,29,33), 0, 792.4899, 13.3164, 0, null],
		[ new Date(2018,3,18,19,29,32), 0, 426.9225, 2.938, 0, null],
		[ new Date(2018,3,18,19,29,31), 0, 126.04743, 3.08101, 0, null],
		[ new Date(2018,3,18,19,29,30), 0, 422.7265, 14.6448, 0, null],
		[ new Date(2018,3,18,19,29,29), 0, 253.3565, 3.9634, 0, null],
		[ new Date(2018,3,18,19,29,28), 0, 177.7547, 0.9825, 0, null],
		[ new Date(2018,3,18,19,29,27), 0, 45.42821, 5.9484, 0, null],
		[ new Date(2018,3,18,19,29,26), 0, 1037.1435, 6.752, 0, null],
		[ new Date(2018,3,18,19,29,25), 0, 293.8684, 0, 0, null],
		[ new Date(2018,3,18,19,29,24), 0, 243.1993, 8.53828, 0, null],
		[ new Date(2018,3,18,19,29,23), 0, 727.644, 3.8357, 0, null],
		[ new Date(2018,3,18,19,29,22), 0, 311.0634, 4.04008, 0, null],
		[ new Date(2018,3,18,19,29,21), 0, 187.1464, 9.507, 0, null],
		[ new Date(2018,3,18,19,29,20), 0, 702.8434, 3.8885, 0, null],
		[ new Date(2018,3,18,19,29,19), 0, 505.9213, 9.42494, 0, null],
		[ new Date(2018,3,18,19,29,18), 0, 572.2921, 7.7682, 0, null],
		[ new Date(2018,3,18,19,29,17), 0, 685.8806, 9.23775, 0, null],
		[ new Date(2018,3,18,19,29,16), 0, 186.0713, 3.796, 0, null],
		[ new Date(2018,3,18,19,29,15), 0, 413.729, 6.80305, 0, null],
		[ new Date(2018,3,18,19,29,14), 0, 110.4605, 2.9653, 0, null],
		[ new Date(2018,3,18,19,29,13), 0, 360.8891, 1.9547, 0, null],
		[ new Date(2018,3,18,19,29,12), 0, 8.02507, 3.00977, 0, null],
		[ new Date(2018,3,18,19,29,11), 0, 23.04258, 3.94734, 0, null],
		[ new Date(2018,3,18,19,29,10), 0, 1139.694, 8.59103, 0, null],
		[ new Date(2018,3,18,19,29,9), 0, 462.6527, 6.82142, 0, null],
		[ new Date(2018,3,18,19,29,8), 0, 35.9477, 2.0001, 0, null],
		[ new Date(2018,3,18,19,29,7), 0, 40.86789, 2.80691, 0, null],
		[ new Date(2018,3,18,19,29,6), 0, 715.113, 11.85719, 0, null],
		[ new Date(2018,3,18,19,29,5), 0, 7.02275, 2.50576, 0, null],
		[ new Date(2018,3,18,19,29,4), 0, 355.8611, 2.97672, 0, null],
		[ new Date(2018,3,18,19,29,3), 0, 153.8669, 4.8113, 0, null],
		[ new Date(2018,3,18,19,29,2), 0, 26.75044, 1.07927, 0, null],
		[ new Date(2018,3,18,19,29,1), 0, 1158.3253, 7.63854, 0, null],
		[ new Date(2018,3,18,19,29,0), 0, 446.4002, 6.90226, 0, null],
		[ new Date(2018,3,18,19,28,59), 0, 68.9174, 2.874, 0, null],
		[ new Date(2018,3,18,19,28,58), 0, 115.43306, 3.09958, 0, null],
		[ new Date(2018,3,18,19,28,57), 0, 594.3368, 14.5489, 0, null],
		[ new Date(2018,3,18,19,28,56), 0, 259.6806, 2.02128, 0, null],
		[ new Date(2018,3,18,19,28,55), 0, 70.51336, 3.7618, 0, null],
		[ new Date(2018,3,18,19,28,54), 0, 161.7756, 4.8195, 0, null],
		[ new Date(2018,3,18,19,28,53), 0, 601.4733, 4.83961, 0, null],
		[ new Date(2018,3,18,19,28,52), 0, 627.3969, 3.82449, 0, null],
		[ new Date(2018,3,18,19,28,51), 0, 462.4812, 4.9384, 0, null],
		[ new Date(2018,3,18,19,28,50), 0, 26.59792, 7.15651, 0, null],
		[ new Date(2018,3,18,19,28,49), 0, 682.0769, 5.6906, 0, null],
		[ new Date(2018,3,18,19,28,48), 0, 198.5729, 5.592, 0, null],
		[ new Date(2018,3,18,19,28,47), 0, 358.2181, 9.77018, 0, null],
		[ new Date(2018,3,18,19,28,46), 0, 176.6715, 0, 0, null],
		[ new Date(2018,3,18,19,28,45), 0, 1029.8405, 10.57012, 0, null],
		[ new Date(2018,3,18,19,28,44), 0, 788.941, 8.7129, 0, null],
		[ new Date(2018,3,18,19,28,43), 0, 64.0727, 1.8576, 0, null],
		[ new Date(2018,3,18,19,28,42), 0, 126.7445, 7.44646, 0, null],
		[ new Date(2018,3,18,19,28,41), 0, 754.4014, 14.0595, 0, null],
		[ new Date(2018,3,18,19,28,40), 0, 317.9239, 4.86088, 0, null],
		[ new Date(2018,3,18,19,28,39), 0, 191.799, 1.9994, 0, null],
		[ new Date(2018,3,18,19,28,38), 0, 130.97198, 2.03704, 0, null],
		[ new Date(2018,3,18,19,28,37), 0, 1243.0933, 14.13899, 0, null],
		[ new Date(2018,3,18,19,28,36), 0, 468.4911, 2.9558, 0, null],
		[ new Date(2018,3,18,19,28,35), 0, 103.1093, 3.7852, 0, null],
		[ new Date(2018,3,18,19,28,34), 0, 853.0805, 8.4099, 0, null],
		[ new Date(2018,3,18,19,28,33), 0, 368.3352, 5.94395, 0, null],
		[ new Date(2018,3,18,19,28,32), 0, 216.9582, 3.9271, 0, null],
		[ new Date(2018,3,18,19,28,31), 0, 465.0478, 1.9315, 0, null],
		[ new Date(2018,3,18,19,28,30), 0, 14.42011, 1.72375, 0, null],
		[ new Date(2018,3,18,19,28,29), 0, 1052.6368, 6.85097, 0, null],
		[ new Date(2018,3,18,19,28,28), 0, 808.3573, 10.6159, 0, null],
		[ new Date(2018,3,18,19,28,27), 0, 108.87062, 9.2125, 0, null],
		[ new Date(2018,3,18,19,28,26), 0, 34.0518, 1.9457, 0, null],
		[ new Date(2018,3,18,19,28,25), 0, 21.116, 2.8796, 0, null],
		[ new Date(2018,3,18,19,28,24), 0, 890.5887, 12.1374, 0, null],
		[ new Date(2018,3,18,19,28,23), 0, 566.4973, 3.96292, 0, null],
		[ new Date(2018,3,18,19,28,22), 0, 65.84258, 4.64223, 0, null],
		[ new Date(2018,3,18,19,28,21), 0, 174.7623, 2.981, 0, null],
		[ new Date(2018,3,18,19,28,20), 0, 47.60532, 2.67922, 0, null],
		[ new Date(2018,3,18,19,28,19), 0, 1329.6311, 7.6584, 0, null],
		[ new Date(2018,3,18,19,28,18), 0, 875.9604, 7.88402, 0, null],
		[ new Date(2018,3,18,19,28,17), 0, 70.9509, 2.917, 0, null],
		[ new Date(2018,3,18,19,28,16), 0, 117.19792, 1.9192, 0, null],
		[ new Date(2018,3,18,19,28,15), 0, 95.8572, 2.966, 0, null],
		[ new Date(2018,3,18,19,28,14), 0, 37.79991, 9.23359, 0, null],
		[ new Date(2018,3,18,19,28,13), 0, 851.3484, 7.58248, 0, null],
		[ new Date(2018,3,18,19,28,12), 0, 360.3102, 3.7905, 0, null],
		[ new Date(2018,3,18,19,28,11), 0, 615.6192, 3.9976, 0, null],
		[ new Date(2018,3,18,19,28,10), 0, 36.14255, 5.08734, 0, null],
		[ new Date(2018,3,18,19,28,9), 0, 138.0222, 2.9165, 0, null],
		[ new Date(2018,3,18,19,28,8), 0, 138.9709, 1.9854, 0, null],
		[ new Date(2018,3,18,19,28,7), 0, 189.8778, 2.87761, 0, null],
		[ new Date(2018,3,18,19,28,6), 0, 1267.5857, 9.5392, 0, null],
		[ new Date(2018,3,18,19,28,5), 0, 904.3019, 5.9646, 0, null],
		[ new Date(2018,3,18,19,28,4), 0, 42.01383, 2.01166, 0, null],
		[ new Date(2018,3,18,19,28,3), 0, 133.08628, 3.32512, 0, null],
		[ new Date(2018,3,18,19,28,2), 0, 121.38395, 36.80489, 0, null],
		[ new Date(2018,3,18,19,28,1), 0, 94.0493, 2.7946, 0, null],
		[ new Date(2018,3,18,19,28,0), 0, 40.43135, 3.11447, 0, null],
		[ new Date(2018,3,18,19,27,59), 0, 1226.0206, 12.3444, 0, null],
		[ new Date(2018,3,18,19,27,58), 0, 9.65689, 0.13341, 0, null],
		[ new Date(2018,3,18,19,27,57), 0, 638.2797, 12.75183, 0, null],
		[ new Date(2018,3,18,19,27,56), 0, 121.22573, 3.77453, 0, null],
		[ new Date(2018,3,18,19,27,55), 0, 248.2723, 0.986, 0, null],
		[ new Date(2018,3,18,19,27,54), 0, 60.03413, 4.69141, 0, null],
		[ new Date(2018,3,18,19,27,53), 0, 1401.7762, 10.6049, 0, null],
		[ new Date(2018,3,18,19,27,52), 0, 263.5835, 4.93057, 0, null],
		[ new Date(2018,3,18,19,27,51), 0, 649.5601, 6.882, 0, null],
		[ new Date(2018,3,18,19,27,50), 0, 112.046, 3.8319, 0, null],
		[ new Date(2018,3,18,19,27,49), 0, 151.35151, 0.97501, 0, null],
		[ new Date(2018,3,18,19,27,48), 0, 81.9787, 0.976, 0, null],
		[ new Date(2018,3,18,19,27,47), 0, 755.6547, 11.45759, 0, null],
		[ new Date(2018,3,18,19,27,46), 0, 445.0732, 5.6099, 0, null],
		[ new Date(2018,3,18,19,27,45), 0, 683.1309, 2.9965, 0, null],
		[ new Date(2018,3,18,19,27,44), 0, 101.08044, 6.33534, 0, null],
		[ new Date(2018,3,18,19,27,43), 0, 212.9464, 1.0001, 0, null],
		[ new Date(2018,3,18,19,27,42), 0, 452.6911, 5.98412, 0, null],
		[ new Date(2018,3,18,19,27,41), 0, 1008.4265, 12.2637, 0, null],
		[ new Date(2018,3,18,19,27,40), 0, 901.5617, 0.9965, 0, null],
		[ new Date(2018,3,18,19,27,39), 0, 129.23901, 1.94141, 0, null],
		[ new Date(2018,3,18,19,27,38), 0, 138.3297, 1.9227, 0, null],
		[ new Date(2018,3,18,19,27,37), 0, 141.8782, 0.9923, 0, null],
		[ new Date(2018,3,18,19,27,36), 0, 1260.6951, 14.15464, 0, null],
		[ new Date(2018,3,18,19,27,35), 0, 497.1311, 3.97634, 0, null],
		[ new Date(2018,3,18,19,27,34), 0, 735.4182, 3.9633, 0, null],
		[ new Date(2018,3,18,19,27,33), 0, 100.49061, 3.80427, 0, null],
		[ new Date(2018,3,18,19,27,32), 0, 265.6411, 2.9102, 0, null],
		[ new Date(2018,3,18,19,27,31), 0, 106.80626, 3.77839, 0, null],
		[ new Date(2018,3,18,19,27,30), 0, 307.6682, 2.8952, 0, null],
		[ new Date(2018,3,18,19,27,29), 0, 10.80219, 3.91408, 0, null],
		[ new Date(2018,3,18,19,27,28), 0, 858.7267, 5.96438, 0, null],
		[ new Date(2018,3,18,19,27,27), 0, 1512.7773, 10.7065, 0, null],
		[ new Date(2018,3,18,19,27,26), 0, 234.1072, 2.9786, 0, null],
		[ new Date(2018,3,18,19,27,25), 0, 96.8707, 0, 0, null],
		[ new Date(2018,3,18,19,27,24), 0, 143.93719, 2.89672, 0, null],
		[ new Date(2018,3,18,19,27,23), 0, 119.57355, 3.9557, 0, null],
		[ new Date(2018,3,18,19,27,22), 0, 82.064, 2.9305, 0, null],
		[ new Date(2018,3,18,19,27,21), 0, 26.60398, 3.92195, 0, null],
		[ new Date(2018,3,18,19,27,20), 0, 160.8835, 4.23556, 0, null],
		[ new Date(2018,3,18,19,27,19), 0, 1203.9462, 8.9459, 0, null],
		[ new Date(2018,3,18,19,27,18), 0, 284.9489, 4.84262, 0, null],
		[ new Date(2018,3,18,19,27,17), 0, 570.9539, 3.9486, 0, null],
		[ new Date(2018,3,18,19,27,16), 0, 115.2733, 4.7241, 0, null],
		[ new Date(2018,3,18,19,27,15), 0, 213.6608, 0.985, 0, null],
		[ new Date(2018,3,18,19,27,14), 0, 32.06103, 2.08048, 0, null],
		[ new Date(2018,3,18,19,27,13), 0, 1440.6131, 8.62666, 0, null],
		[ new Date(2018,3,18,19,27,12), 0, 1028.6947, 3.9843, 0, null],
		[ new Date(2018,3,18,19,27,11), 0, 19.39733, 4.90062, 0, null],
		[ new Date(2018,3,18,19,27,10), 0, 131.8729, 1.9699, 0, null],
		[ new Date(2018,3,18,19,27,9), 0, 122.45115, 1.0241, 0, null],
		[ new Date(2018,3,18,19,27,8), 0, 142.7915, 2.9554, 0, null],
		[ new Date(2018,3,18,19,27,7), 0, 7.11153, 1.27056, 0, null],
		[ new Date(2018,3,18,19,27,6), 0, 51.61224, 4.67798, 0, null],
		[ new Date(2018,3,18,19,27,5), 0, 1347.7402, 15.2549, 0, null],
		[ new Date(2018,3,18,19,27,4), 0, 176.9551, 1.98452, 0, null],
		[ new Date(2018,3,18,19,27,3), 0, 580.1229, 1.986, 0, null],
		[ new Date(2018,3,18,19,27,2), 0, 73.99103, 4.78913, 0, null],
		[ new Date(2018,3,18,19,27,1), 0, 218.3025, 1.9949, 0, null],
		[ new Date(2018,3,18,19,27,0), 0, 21.62333, 1.13894, 0, null],
		[ new Date(2018,3,18,19,26,59), 0, 1337.0507, 14.44856, 0, null],
		[ new Date(2018,3,18,19,26,58), 0, 937.5502, 3.9305, 0, null],
		[ new Date(2018,3,18,19,26,57), 0, 10.51709, 2.04786, 0, null],
		[ new Date(2018,3,18,19,26,56), 0, 59.44341, 6.48022, 0, null],
		[ new Date(2018,3,18,19,26,55), 0, 134.1587, 3.77117, 0, null],
		[ new Date(2018,3,18,19,26,54), 0, 120.9828, 2.8808, 0, null],
		[ new Date(2018,3,18,19,26,53), 0, 32.82426, 6.02022, 0, null],
		[ new Date(2018,3,18,19,26,52), 0, 565.0295, 7.52719, 0, null],
		[ new Date(2018,3,18,19,26,51), 0, 635.9009, 4.7144, 0, null],
		[ new Date(2018,3,18,19,26,50), 0, 881.712, 6.89319, 0, null],
		[ new Date(2018,3,18,19,26,49), 0, 68.1044, 0.98596, 0, null],
		[ new Date(2018,3,18,19,26,48), 0, 145.8898, 0.9597, 0, null],
		[ new Date(2018,3,18,19,26,47), 0, 130.9875, 2.9548, 0, null],
		[ new Date(2018,3,18,19,26,46), 0, 604.1563, 5.93777, 0, null],
		[ new Date(2018,3,18,19,26,45), 0, 975.7405, 5.6858, 0, null],
		[ new Date(2018,3,18,19,26,44), 0, 738.0791, 4.9018, 0, null],
		[ new Date(2018,3,18,19,26,43), 0, 68.94218, 3.65078, 0, null],
		[ new Date(2018,3,18,19,26,42), 0, 116.9985, 0, 0, null],
		[ new Date(2018,3,18,19,26,41), 0, 86.16824, 6.71113, 0, null],
		[ new Date(2018,3,18,19,26,40), 0, 153.5725, 0.9794, 0, null],
		[ new Date(2018,3,18,19,26,39), 0, 9.88695, 0.10185, 0, null],
		[ new Date(2018,3,18,19,26,38), 0, 465.6644, 9.54789, 0, null],
		[ new Date(2018,3,18,19,26,37), 0, 817.5606, 11.3703, 0, null],
		[ new Date(2018,3,18,19,26,36), 0, 807.7838, 5.9545, 0, null],
		[ new Date(2018,3,18,19,26,35), 0, 42.6405, 5.86934, 0, null],
		[ new Date(2018,3,18,19,26,34), 0, 85.83546, 2.90043, 0, null],
		[ new Date(2018,3,18,19,26,33), 0, 288.5741, 2.8878, 0, null],
		[ new Date(2018,3,18,19,26,32), 0, 16.8736, 5.00152, 0, null],
		[ new Date(2018,3,18,19,26,31), 0, 1157.4622, 4.88449, 0, null],
		[ new Date(2018,3,18,19,26,30), 0, 571.4517, 5.91013, 0, null],
		[ new Date(2018,3,18,19,26,29), 0, 1172.6762, 3.9182, 0, null],
		[ new Date(2018,3,18,19,26,28), 0, 12.32689, 2.02124, 0, null],
		[ new Date(2018,3,18,19,26,27), 0, 127.83046, 3.84656, 0, null],
		[ new Date(2018,3,18,19,26,26), 0, 90.9784, 2.9667, 0, null],
		[ new Date(2018,3,18,19,26,25), 0, 109.99375, 3.89773, 0, null],
		[ new Date(2018,3,18,19,26,24), 0, 175.8421, 0.9662, 0, null],
		[ new Date(2018,3,18,19,26,23), 0, 64.45224, 4.40082, 0, null],
		[ new Date(2018,3,18,19,26,22), 0, 230.2365, 3.95339, 0, null],
		[ new Date(2018,3,18,19,26,21), 0, 1430.043, 10.5624, 0, null],
		[ new Date(2018,3,18,19,26,20), 0, 112.39893, 4.90804, 0, null],
		[ new Date(2018,3,18,19,26,19), 0, 1112.978, 7.9538, 0, null],
		[ new Date(2018,3,18,19,26,18), 0, 118.1373, 1.00415, 0, null],
		[ new Date(2018,3,18,19,26,17), 0, 122.62412, 1.99174, 0, null],
		[ new Date(2018,3,18,19,26,16), 0, 159.9897, 4.8487, 0, null],
		[ new Date(2018,3,18,19,26,15), 0, 484.3844, 0.05165, 0, null],
		[ new Date(2018,3,18,19,26,14), 0, 110.1213, 3.9755, 0, null],
		[ new Date(2018,3,18,19,26,13), 0, 12.13673, 2.02733, 0, null],
		[ new Date(2018,3,18,19,26,12), 0, 530.5601, 4.20754, 0, null],
		[ new Date(2018,3,18,19,26,11), 0, 1056.046, 4.4627, 0, null],
		[ new Date(2018,3,18,19,26,10), 0, 1449.5333, 9.84162, 0, null],
		[ new Date(2018,3,18,19,26,9), 0, 113.7484, 0, 0, null],
		[ new Date(2018,3,18,19,26,8), 0, 90.53533, 3.99189, 0, null],
		[ new Date(2018,3,18,19,26,7), 0, 126.9121, 2.9076, 0, null],
		[ new Date(2018,3,18,19,26,6), 0, 160.61779, 1.97376, 0, null],
		[ new Date(2018,3,18,19,26,5), 0, 119.80542, 4.87968, 0, null],
		[ new Date(2018,3,18,19,26,4), 0, 152.0307, 3.8492, 0, null],
		[ new Date(2018,3,18,19,26,3), 0, 167.9138, 1.8975, 0, null],
		[ new Date(2018,3,18,19,26,2), 0, 5.29742, 2.1471, 0, null],
		[ new Date(2018,3,18,19,26,1), 0, 37.0848, 5.8572, 0, null],
		[ new Date(2018,3,18,19,26,0), 0, 22.59422, 0.95997, 0, null],
		[ new Date(2018,3,18,19,25,59), 0, 1530.8385, 9.80898, 0, null],
		[ new Date(2018,3,18,19,25,58), 0, 449.5914, 4.7634, 0, null],
		[ new Date(2018,3,18,19,25,57), 0, 217.4707, 4.05566, 0, null],
		[ new Date(2018,3,18,19,25,56), 0, 1191.3915, 6.9472, 0, null],
		[ new Date(2018,3,18,19,25,55), 0, 52.34504, 1.95055, 0, null],
		[ new Date(2018,3,18,19,25,54), 0, 73.16977, 3.79878, 0, null],
		[ new Date(2018,3,18,19,25,53), 0, 151.49634, 3.68227, 0, null],
		[ new Date(2018,3,18,19,25,52), 0, 154.9072, 0.9745, 0, null],
		[ new Date(2018,3,18,19,25,51), 0, 137.8113, 1.9983, 0, null],
		[ new Date(2018,3,18,19,25,50), 0, 29.5828, 2.76228, 0, null],
		[ new Date(2018,3,18,19,25,49), 0, 1525.3649, 12.49884, 0, null],
		[ new Date(2018,3,18,19,25,48), 0, 25.65341, 1.7884, 0, null],
		[ new Date(2018,3,18,19,25,47), 0, 1053.5826, 4.74001, 0, null],
		[ new Date(2018,3,18,19,25,46), 0, 495.0521, 2.568, 0, null],
		[ new Date(2018,3,18,19,25,45), 0, 22.58668, 2.78503, 0, null],
		[ new Date(2018,3,18,19,25,44), 0, 122.4906, 3.823, 0, null],
		[ new Date(2018,3,18,19,25,43), 0, 232.6722, 0.9704, 0, null],
		[ new Date(2018,3,18,19,25,42), 0, 103.9803, 0, 0, null],
		[ new Date(2018,3,18,19,25,41), 0, 130.33144, 2.01221, 0, null],
		[ new Date(2018,3,18,19,25,40), 0, 153.007, 2.8692, 0, null],
		[ new Date(2018,3,18,19,25,39), 0, 72.62035, 5.56407, 0, null],
		[ new Date(2018,3,18,19,25,38), 0, 80.328, 4.6715, 0, null],
		[ new Date(2018,3,18,19,25,37), 0, 43.23261, 2.98584, 0, null],
		[ new Date(2018,3,18,19,25,36), 0, 458.6775, 2.21728, 0, null],
		[ new Date(2018,3,18,19,25,35), 0, 1248.0911, 11.9471, 0, null],
		[ new Date(2018,3,18,19,25,34), 0, 30.6498, 4.01308, 0, null],
		[ new Date(2018,3,18,19,25,33), 0, 1433.1913, 4.9972, 0, null],
		[ new Date(2018,3,18,19,25,32), 0, 65.0138, 0.8787, 0, null],
		[ new Date(2018,3,18,19,25,31), 0, 39.00541, 2.9082, 0, null],
		[ new Date(2018,3,18,19,25,30), 0, 124.13792, 1.00407, 0, null],
		[ new Date(2018,3,18,19,25,29), 0, 199.9753, 1.923, 0, null],
		[ new Date(2018,3,18,19,25,28), 0, 180.6226, 4.9378, 0, null],
		[ new Date(2018,3,18,19,25,27), 0, 14.13012, 3.53819, 0, null],
		[ new Date(2018,3,18,19,25,26), 0, 1016.3825, 6.89263, 0, null],
		[ new Date(2018,3,18,19,25,25), 0, 1062.6089, 8.99349, 0, null],
		[ new Date(2018,3,18,19,25,24), 0, 1333.9471, 0.9512, 0, null],
		[ new Date(2018,3,18,19,25,23), 0, 25.0297, 0.9626, 0, null],
		[ new Date(2018,3,18,19,25,22), 0, 60.54445, 4.53925, 0, null],
		[ new Date(2018,3,18,19,25,21), 0, 150.0029, 1.9484, 0, null],
		[ new Date(2018,3,18,19,25,20), 0, 105.9026, 1.04673, 0, null],
		[ new Date(2018,3,18,19,25,19), 0, 90.0205, 4.8413, 0, null],
		[ new Date(2018,3,18,19,25,18), 0, 128.67469, 0.97765, 0, null],
		[ new Date(2018,3,18,19,25,17), 0, 175.8336, 1.02153, 0, null],
		[ new Date(2018,3,18,19,25,16), 0, 138.9393, 4.8934, 0, null],
		[ new Date(2018,3,18,19,25,15), 0, 151.1311, 4.7242, 0, null],
		[ new Date(2018,3,18,19,25,14), 0, 6.44963, 2.09709, 0, null],
		[ new Date(2018,3,18,19,25,13), 0, 43.7353, 10.2368, 0, null],
		[ new Date(2018,3,18,19,25,12), 0, 1530.6556, 5.43479, 0, null],
		[ new Date(2018,3,18,19,25,11), 0, 538.7022, 4.3726, 0, null],
		[ new Date(2018,3,18,19,25,10), 0, 332.6169, 5.88081, 0, null],
		[ new Date(2018,3,18,19,25,9), 0, 1446.7766, 1.9974, 0, null],
		[ new Date(2018,3,18,19,25,8), 0, 69.0613, 3.8905, 0, null],
		[ new Date(2018,3,18,19,25,7), 0, 94.36094, 2.00019, 0, null],
		[ new Date(2018,3,18,19,25,6), 0, 522.7362, 1.99183, 0, null],
		[ new Date(2018,3,18,19,25,5), 0, 166.79477, 3.94636, 0, null],
		[ new Date(2018,3,18,19,25,4), 0, 141.0798, 6.7655, 0, null],
		[ new Date(2018,3,18,19,25,3), 0, 509.917, 3.96373, 0, null],
		[ new Date(2018,3,18,19,25,2), 0, 1195.3569, 14.4835, 0, null],
		[ new Date(2018,3,18,19,25,1), 0, 1671.019, 6.9486, 0, null],
		[ new Date(2018,3,18,19,25,0), 0, 18.08566, 1.54522, 0, null],
		[ new Date(2018,3,18,19,24,59), 0, 135.75524, 4.86181, 0, null],
		[ new Date(2018,3,18,19,24,58), 0, 178.0277, 4.8906, 0, null],
		[ new Date(2018,3,18,19,24,57), 0, 83.78623, 3.79948, 0, null],
		[ new Date(2018,3,18,19,24,56), 0, 125.993, 1.9386, 0, null],
		[ new Date(2018,3,18,19,24,55), 0, 62.15229, 2.94198, 0, null],
		[ new Date(2018,3,18,19,24,54), 0, 138.98231, 1.97318, 0, null],
		[ new Date(2018,3,18,19,24,53), 0, 61.0814, 3.8788, 0, null],
		[ new Date(2018,3,18,19,24,52), 0, 58.64191, 5.40169, 0, null],
		[ new Date(2018,3,18,19,24,51), 0, 136.7502, 0, 0, null],
		[ new Date(2018,3,18,19,24,50), 0, 73.97663, 3.11949, 0, null],
		[ new Date(2018,3,18,19,24,49), 0, 1741.79, 12.62624, 0, null],
		[ new Date(2018,3,18,19,24,48), 0, 404.5183, 4.828, 0, null],
		[ new Date(2018,3,18,19,24,47), 0, 20.38057, 1.39065, 0, null],
		[ new Date(2018,3,18,19,24,46), 0, 1435.0656, 6.39402, 0, null],
		[ new Date(2018,3,18,19,24,45), 0, 554.5409, 3.258, 0, null],
		[ new Date(2018,3,18,19,24,44), 0, 73.81722, 1.97076, 0, null],
		[ new Date(2018,3,18,19,24,43), 0, 53.38959, 3.7785, 0, null],
		[ new Date(2018,3,18,19,24,42), 0, 67.81796, 1.97262, 0, null],
		[ new Date(2018,3,18,19,24,41), 0, 48.9585, 1.9985, 0, null],
		[ new Date(2018,3,18,19,24,40), 0, 109.06553, 4.59168, 0, null],
		[ new Date(2018,3,18,19,24,39), 0, 157.54324, 0.96485, 0, null],
		[ new Date(2018,3,18,19,24,38), 0, 32.983, 0.9999, 0, null],
		[ new Date(2018,3,18,19,24,37), 0, 252.9719, 3.9683, 0, null],
		[ new Date(2018,3,18,19,24,36), 0, 298.8535, 2.90529, 0, null],
		[ new Date(2018,3,18,19,24,35), 0, 1356.6364, 5.8662, 0, null],
		[ new Date(2018,3,18,19,24,34), 0, 268.2822, 5.87089, 0, null],
		[ new Date(2018,3,18,19,24,33), 0, 1346.4332, 3.9739, 0, null],
		[ new Date(2018,3,18,19,24,32), 0, 12.3431, 2.6451, 0, null],
		[ new Date(2018,3,18,19,24,31), 0, 9.5314, 3.466, 0, null],
		[ new Date(2018,3,18,19,24,30), 0, 7.71092, 1.64057, 0, null],
		[ new Date(2018,3,18,19,24,29), 0, 39.3445, 2.03134, 0, null],
		[ new Date(2018,3,18,19,24,28), 0, 71.42411, 4.81007, 0, null],
		[ new Date(2018,3,18,19,24,27), 0, 255.926, 4.8849, 0, null],
		[ new Date(2018,3,18,19,24,26), 0, 64.9344, 0.9693, 0, null],
		[ new Date(2018,3,18,19,24,25), 0, 114.97779, 1.98971, 0, null],
		[ new Date(2018,3,18,19,24,24), 0, 110.9966, 0.9999, 0, null],
		[ new Date(2018,3,18,19,24,23), 0, 115.56925, 3.92539, 0, null],
		[ new Date(2018,3,18,19,24,22), 0, 145.1785, 5.807, 0, null],
		[ new Date(2018,3,18,19,24,21), 0, 161.9875, 0.9418, 0, null],
		[ new Date(2018,3,18,19,24,20), 0, 107.04751, 2.97158, 0, null],
		[ new Date(2018,3,18,19,24,19), 0, 106.9882, 2.892, 0, null],
		[ new Date(2018,3,18,19,24,18), 0, 110.02583, 0.04175, 0, null],
		[ new Date(2018,3,18,19,24,17), 0, 200.965, 4.04772, 0, null],
		[ new Date(2018,3,18,19,24,16), 0, 1250.7115, 11.57702, 0, null],
		[ new Date(2018,3,18,19,24,15), 0, 1049.8923, 5.8394, 0, null],
		[ new Date(2018,3,18,19,24,14), 0, 8.2983, 3.689, 0, null],
		[ new Date(2018,3,18,19,24,13), 0, 6.96946, 2.96937, 0, null],
		[ new Date(2018,3,18,19,24,12), 0, 3.96932, 0.01024, 0, null],
		[ new Date(2018,3,18,19,24,11), 0, 2.50477, 1.03065, 0, null],
		[ new Date(2018,3,18,19,24,10), 0, 165.7369, 3.84135, 0, null],
		[ new Date(2018,3,18,19,24,9), 0, 1642.6592, 1.97834, 0, null],
		[ new Date(2018,3,18,19,24,8), 0, 431.7209, 0.9918, 0, null],
		[ new Date(2018,3,18,19,24,7), 0, 32.3624, 4.623, 0, null],
		[ new Date(2018,3,18,19,24,6), 0, 26.84004, 0.91048, 0, null],
		[ new Date(2018,3,18,19,24,5), 0, 2.62211, 1.65306, 0, null],
		[ new Date(2018,3,18,19,24,4), 0, 23.4178, 6.5581, 0, null],
		[ new Date(2018,3,18,19,24,3), 0, 30.29716, 0.96899, 0, null],
		[ new Date(2018,3,18,19,24,2), 0, 53.0502, 0.9307, 0, null],
		[ new Date(2018,3,18,19,24,1), 0, 68.4308, 5.5489, 0, null],
		[ new Date(2018,3,18,19,24,0), 0, 48.12211, 1.03001, 0, null],
		[ new Date(2018,3,18,19,23,59), 0, 57.63244, 3.8037, 0, null],
		[ new Date(2018,3,18,19,23,58), 0, 95.28522, 3.02303, 0, null],
		[ new Date(2018,3,18,19,23,57), 0, 114.44672, 4.85322, 0, null],
		[ new Date(2018,3,18,19,23,56), 0, 138.9278, 2.9558, 0, null],
		[ new Date(2018,3,18,19,23,55), 0, 140.57286, 4.86661, 0, null],
		[ new Date(2018,3,18,19,23,54), 0, 173.1039, 1.97562, 0, null],
		[ new Date(2018,3,18,19,23,53), 0, 164.4056, 0.07879, 0, null],
		[ new Date(2018,3,18,19,23,52), 0, 118.0389, 5.8059, 0, null],
		[ new Date(2018,3,18,19,23,51), 0, 300.4344, 4.86108, 0, null],
		[ new Date(2018,3,18,19,23,50), 0, 266.9696, 0.9767, 0, null],
		[ new Date(2018,3,18,19,23,49), 0, 15.16138, 4.30503, 0, null],
		[ new Date(2018,3,18,19,23,48), 0, 624.73, 5.76678, 0, null],
		[ new Date(2018,3,18,19,23,47), 0, 992.8845, 2.948, 0, null],
		[ new Date(2018,3,18,19,23,46), 0, 1557.1418, 7.9558, 0, null],
		[ new Date(2018,3,18,19,23,45), 0, 66.47513, 1.00958, 0, null],
		[ new Date(2018,3,18,19,23,44), 0, 109.40275, 1.92716, 0, null],
		[ new Date(2018,3,18,19,23,43), 0, 121.19028, 5.81628, 0, null],
		[ new Date(2018,3,18,19,23,42), 0, 119.98135, 1.95825, 0, null],
		[ new Date(2018,3,18,19,23,41), 0, 111.08034, 0.02667, 0, null],
		[ new Date(2018,3,18,19,23,40), 0, 114.84899, 1.94981, 0, null],
		[ new Date(2018,3,18,19,23,39), 0, 158.875, 2.9236, 0, null],
		[ new Date(2018,3,18,19,23,38), 0, 128.9806, 0.9921, 0, null],
		[ new Date(2018,3,18,19,23,37), 0, 119.93092, 2.01376, 0, null],
		[ new Date(2018,3,18,19,23,36), 0, 183.7496, 2.92736, 0, null],
		[ new Date(2018,3,18,19,23,35), 0, 142.7273, 0.9914, 0, null],
		[ new Date(2018,3,18,19,23,34), 0, 109.06593, 3.92938, 0, null],
		[ new Date(2018,3,18,19,23,33), 0, 179.5954, 3.9062, 0, null],
		[ new Date(2018,3,18,19,23,32), 0, 3.25325, 1.38384, 0, null],
		[ new Date(2018,3,18,19,23,31), 0, 55.2176, 5.7128, 0, null],
		[ new Date(2018,3,18,19,23,30), 0, 9.24028, 2.03419, 0, null],
		[ new Date(2018,3,18,19,23,29), 0, 555.2822, 4.97127, 0, null],
		[ new Date(2018,3,18,19,23,28), 0, 1205.6679, 11.4731, 0, null],
		[ new Date(2018,3,18,19,23,27), 0, 3.71854, 4.26239, 0, null],
		[ new Date(2018,3,18,19,23,26), 0, 6.17231, 0.04838, 0, null],
		[ new Date(2018,3,18,19,23,25), 0, 20.48317, 4.26641, 0, null],
		[ new Date(2018,3,18,19,23,24), 0, 5.0003, 1.0001, 0, null],
		[ new Date(2018,3,18,19,23,23), 0, 5.57357, 1.06422, 0, null],
		[ new Date(2018,3,18,19,23,22), 0, 219.6814, 5.91864, 0, null],
		[ new Date(2018,3,18,19,23,21), 0, 1625.2047, 3.9885, 0, null],
		[ new Date(2018,3,18,19,23,20), 0, 12.58414, 0.039, 0, null],
		[ new Date(2018,3,18,19,23,19), 0, 55.02532, 2.98745, 0, null],
		[ new Date(2018,3,18,19,23,18), 0, 52.0154, 1.926, 0, null],
		[ new Date(2018,3,18,19,23,17), 0, 65.84246, 1.93843, 0, null],
		[ new Date(2018,3,18,19,23,16), 0, 86.5018, 4.7621, 0, null],
		[ new Date(2018,3,18,19,23,15), 0, 122.0106, 3, 0, null],
		[ new Date(2018,3,18,19,23,14), 0, 137.0005, 0.9926, 0, null],
		[ new Date(2018,3,18,19,23,13), 0, 111.69226, 3.92731, 0, null],
		[ new Date(2018,3,18,19,23,12), 0, 137.8841, 2.9333, 0, null],
		[ new Date(2018,3,18,19,23,11), 0, 142.00721, 1.01652, 0, null],
		[ new Date(2018,3,18,19,23,10), 0, 198.841, 4.86252, 0, null],
		[ new Date(2018,3,18,19,23,9), 0, 131.2936, 2.9891, 0, null],
		[ new Date(2018,3,18,19,23,8), 0, 239.5857, 0.9823, 0, null],
		[ new Date(2018,3,18,19,23,7), 0, 19.73568, 3.02687, 0, null],
		[ new Date(2018,3,18,19,23,6), 0, 910.6814, 5.06313, 0, null],
		[ new Date(2018,3,18,19,23,5), 0, 801.2411, 7.5553, 0, null],
		[ new Date(2018,3,18,19,23,4), 0, 1732.939, 6.9727, 0, null],
		[ new Date(2018,3,18,19,23,3), 0, 9.40156, 1.82947, 0, null],
		[ new Date(2018,3,18,19,23,2), 0, 28.9959, 0.9998, 0, null],
		[ new Date(2018,3,18,19,23,1), 0, 107.8203, 2.9968, 0, null],
		[ new Date(2018,3,18,19,23,0), 0, 111.0545, 1.9481, 0, null],
		[ new Date(2018,3,18,19,22,59), 0, 113.97764, 0.97313, 0, null],
		[ new Date(2018,3,18,19,22,58), 0, 270.0069, 2.9456, 0, null],
		[ new Date(2018,3,18,19,22,57), 0, 109.0023, 2.9197, 0, null],
		[ new Date(2018,3,18,19,22,56), 0, 101.63977, 0.0915, 0, null],
		[ new Date(2018,3,18,19,22,55), 0, 152.16814, 7.77486, 0, null],
		[ new Date(2018,3,18,19,22,54), 0, 140.9645, 4.9982, 0, null],
		[ new Date(2018,3,18,19,22,53), 0, 129.9587, 0, 0, null],
		[ new Date(2018,3,18,19,22,52), 0, 191.2113, 2.01284, 0, null],
		[ new Date(2018,3,18,19,22,51), 0, 205.773, 3.81699, 0, null],
		[ new Date(2018,3,18,19,22,50), 0, 247.8537, 0.98466, 0, null],
		[ new Date(2018,3,18,19,22,49), 0, 156.20595, 2.10034, 0, null],
		[ new Date(2018,3,18,19,22,48), 0, 208.9755, 7.8522, 0, null],
		[ new Date(2018,3,18,19,22,47), 0, 223.6942, 0.999, 0, null],
		[ new Date(2018,3,18,19,22,46), 0, 133.979, 2.961, 0, null],
		[ new Date(2018,3,18,19,22,45), 0, 98.3502, 2.93869, 0, null],
		[ new Date(2018,3,18,19,22,44), 0, 1034.1341, 3.04945, 0, null],
		[ new Date(2018,3,18,19,22,43), 0, 1479.3554, 6.7369, 0, null],
		[ new Date(2018,3,18,19,22,42), 0, 94.6806, 3.9066, 0, null],
		[ new Date(2018,3,18,19,22,41), 0, 83.37451, 1.02855, 0, null],
		[ new Date(2018,3,18,19,22,40), 0, 18.4582, 3.5166, 0, null],
		[ new Date(2018,3,18,19,22,39), 0, 85.21787, 3.01234, 0, null],
		[ new Date(2018,3,18,19,22,38), 0, 197.774, 3.88499, 0, null],
		[ new Date(2018,3,18,19,22,37), 0, 1269.0404, 2.25902, 0, null],
		[ new Date(2018,3,18,19,22,36), 0, 1226.8341, 6.4441, 0, null],
		[ new Date(2018,3,18,19,22,35), 0, 121.9899, 1.9995, 0, null],
		[ new Date(2018,3,18,19,22,34), 0, 168.0508, 1.9541, 0, null],
		[ new Date(2018,3,18,19,22,33), 0, 181.4457, 7.66639, 0, null],
		[ new Date(2018,3,18,19,22,32), 0, 194.9822, 0.9948, 0, null],
		[ new Date(2018,3,18,19,22,31), 0, 216.2067, 2.0238, 0, null],
		[ new Date(2018,3,18,19,22,30), 0, 229.2993, 5.86096, 0, null],
		[ new Date(2018,3,18,19,22,29), 0, 384.7349, 0.9867, 0, null],
		[ new Date(2018,3,18,19,22,28), 0, 311.5872, 1.9667, 0, null],
		[ new Date(2018,3,18,19,22,27), 0, 75.74327, 4.9563, 0, null],
		[ new Date(2018,3,18,19,22,26), 0, 240.4279, 1.13024, 0, null],
		[ new Date(2018,3,18,19,22,25), 0, 1900.637, 10.7544, 0, null],
		[ new Date(2018,3,18,19,22,24), 0, 1550.1186, 9.17215, 0, null],
		[ new Date(2018,3,18,19,22,23), 0, 1613.9893, 0.9609, 0, null],
		[ new Date(2018,3,18,19,22,22), 0, 168.0153, 2.9821, 0, null],
		[ new Date(2018,3,18,19,22,21), 0, 197.0308, 2.93195, 0, null],
		[ new Date(2018,3,18,19,22,20), 0, 197.6558, 0, 0, null],
		[ new Date(2018,3,18,19,22,19), 0, 200.5765, 2.94522, 0, null],
		[ new Date(2018,3,18,19,22,18), 0, 221.5121, 2.96013, 0, null],
		[ new Date(2018,3,18,19,22,17), 0, 256.069, 3.93241, 0, null],
		[ new Date(2018,3,18,19,22,16), 0, 251.5943, 1.05639, 0, null],
		[ new Date(2018,3,18,19,22,15), 0, 222.0735, 6.0009, 0, null],
		[ new Date(2018,3,18,19,22,14), 0, 200.4949, 0.9938, 0, null],
		[ new Date(2018,3,18,19,22,13), 0, 211.0078, 2.9719, 0, null],
		[ new Date(2018,3,18,19,22,12), 0, 216.0646, 4.8882, 0, null],
		[ new Date(2018,3,18,19,22,11), 0, 286.0736, 0.01296, 0, null],
		[ new Date(2018,3,18,19,22,10), 0, 160.8018, 0.9989, 0, null],
		[ new Date(2018,3,18,19,22,9), 0, 124.96432, 2.96664, 0, null],
		[ new Date(2018,3,18,19,22,8), 0, 195.0173, 1.9697, 0, null],
		[ new Date(2018,3,18,19,22,7), 0, 73.9546, 2.9987, 0, null],
		[ new Date(2018,3,18,19,22,6), 0, 56.00665, 3.47394, 0, null],
		[ new Date(2018,3,18,19,22,5), 0, 1965.527, 6.94215, 0, null],
		[ new Date(2018,3,18,19,22,4), 0, 1046.2188, 7.862, 0, null],
		[ new Date(2018,3,18,19,22,3), 0, 9.9256, 3.95556, 0, null],
		[ new Date(2018,3,18,19,22,2), 0, 2.999, 0, 0, null],
		[ new Date(2018,3,18,19,22,1), 0, 5.25428, 0.90461, 0, null],
		[ new Date(2018,3,18,19,22,0), 0, 27.33498, 4.71893, 0, null],
		[ new Date(2018,3,18,19,21,59), 0, 1073.5326, 1.99722, 0, null],
		[ new Date(2018,3,18,19,21,58), 0, 919.6094, 2.26816, 0, null],
		[ new Date(2018,3,18,19,21,57), 0, 1400.0606, 6.4321, 0, null],
		[ new Date(2018,3,18,19,21,56), 0, 33.62557, 3.91293, 0, null],
		[ new Date(2018,3,18,19,21,55), 0, 78.0277, 5.38579, 0, null],
		[ new Date(2018,3,18,19,21,54), 0, 105.0587, 7.7831, 0, null],
		[ new Date(2018,3,18,19,21,53), 0, 69.012, 0.9859, 0, null],
		[ new Date(2018,3,18,19,21,52), 0, 127.18758, 1.0329, 0, null],
		[ new Date(2018,3,18,19,21,51), 0, 132.0441, 3.8837, 0, null],
		[ new Date(2018,3,18,19,21,50), 0, 141.48451, 1.02362, 0, null],
		[ new Date(2018,3,18,19,21,49), 0, 178.1484, 2.99932, 0, null],
		[ new Date(2018,3,18,19,21,48), 0, 333.4214, 6.71034, 0, null],
		[ new Date(2018,3,18,19,21,47), 0, 171.7241, 0.9998, 0, null],
		[ new Date(2018,3,18,19,21,46), 0, 192.9995, 0.9699, 0, null],
		[ new Date(2018,3,18,19,21,45), 0, 29.29187, 3.69642, 0, null],
		[ new Date(2018,3,18,19,21,44), 0, 1133.5514, 9.76092, 0, null],
		[ new Date(2018,3,18,19,21,43), 0, 892.3248, 3.8733, 0, null],
		[ new Date(2018,3,18,19,21,42), 0, 17.955, 4.89301, 0, null],
		[ new Date(2018,3,18,19,21,41), 0, 1100.7121, 2.97172, 0, null],
		[ new Date(2018,3,18,19,21,40), 0, 1958.129, 1.9938, 0, null],
		[ new Date(2018,3,18,19,21,39), 0, 47.76228, 3.96084, 0, null],
		[ new Date(2018,3,18,19,21,38), 0, 102.46143, 0.96319, 0, null],
		[ new Date(2018,3,18,19,21,37), 0, 126.50986, 0.99267, 0, null],
		[ new Date(2018,3,18,19,21,36), 0, 152.6524, 2.95004, 0, null],
		[ new Date(2018,3,18,19,21,35), 0, 127.9896, 0.9921, 0, null],
		[ new Date(2018,3,18,19,21,34), 0, 126.7501, 2.9703, 0, null],
		[ new Date(2018,3,18,19,21,33), 0, 279.3548, 4.82221, 0, null],
		[ new Date(2018,3,18,19,21,32), 0, 799.1687, 1.96771, 0, null],
		[ new Date(2018,3,18,19,21,31), 0, 125.15976, 1.03531, 0, null],
		[ new Date(2018,3,18,19,21,30), 0, 129.9685, 3.9703, 0, null],
		[ new Date(2018,3,18,19,21,29), 0, 140.0261, 0.9791, 0, null],
		[ new Date(2018,3,18,19,21,28), 0, 138.9868, 1.9711, 0, null],
		[ new Date(2018,3,18,19,21,27), 0, 211.2595, 7.59005, 0, null],
		[ new Date(2018,3,18,19,21,26), 0, 134.967, 0.9781, 0, null],
		[ new Date(2018,3,18,19,21,25), 0, 124.185, 3.7916, 0, null],
		[ new Date(2018,3,18,19,21,24), 0, 228.538, 1.9968, 0, null],
		[ new Date(2018,3,18,19,21,23), 0, 85.12765, 3.8417, 0, null],
		[ new Date(2018,3,18,19,21,22), 0, 750.0729, 6.19335, 0, null],
		[ new Date(2018,3,18,19,21,21), 0, 1975.068, 7.7541, 0, null],
		[ new Date(2018,3,18,19,21,20), 0, 1171.4048, 5.8022, 0, null],
		[ new Date(2018,3,18,19,21,19), 0, 0.9998, 1.9997, 0, null],
		[ new Date(2018,3,18,19,21,18), 0, 2.02346, 3.97731, 0, null],
		[ new Date(2018,3,18,19,21,17), 0, 4.2836, 1.7139, 0, null],
		[ new Date(2018,3,18,19,21,16), 0, 14.45915, 1.63651, 0, null],
		[ new Date(2018,3,18,19,21,15), 0, 1241.8645, 4.99255, 0, null],
		[ new Date(2018,3,18,19,21,14), 0, 1526.7353, 2.9689, 0, null],
		[ new Date(2018,3,18,19,21,13), 0, 1347.4211, 2.983, 0, null],
		[ new Date(2018,3,18,19,21,12), 0, 43.02133, 3.00033, 0, null],
		[ new Date(2018,3,18,19,21,11), 0, 127.0809, 2.9102, 0, null],
		[ new Date(2018,3,18,19,21,10), 0, 168.8812, 2.9127, 0, null],
		[ new Date(2018,3,18,19,21,9), 0, 115.90836, 3.92495, 0, null],
		[ new Date(2018,3,18,19,21,8), 0, 358.288, 0, 0, null],
		[ new Date(2018,3,18,19,21,7), 0, 156.42632, 2.94443, 0, null],
		[ new Date(2018,3,18,19,21,6), 0, 189.1976, 2.92808, 0, null],
		[ new Date(2018,3,18,19,21,5), 0, 252.9332, 2.88916, 0, null],
		[ new Date(2018,3,18,19,21,4), 0, 143.872, 2.8783, 0, null],
		[ new Date(2018,3,18,19,21,3), 0, 153.94725, 6.71002, 0, null],
		[ new Date(2018,3,18,19,21,2), 0, 1021.0609, 4.93849, 0, null],
		[ new Date(2018,3,18,19,21,1), 0, 1027.5639, 4.8445, 0, null],
		[ new Date(2018,3,18,19,21,0), 0, 4.19906, 2.16691, 0, null],
		[ new Date(2018,3,18,19,20,59), 0, 32.9909, 0.9998, 0, null],
		[ new Date(2018,3,18,19,20,58), 0, 1833.621, 7.01527, 0, null],
		[ new Date(2018,3,18,19,20,57), 0, 938.3596, 3.9578, 0, null],
		[ new Date(2018,3,18,19,20,56), 0, 30.27877, 2.99027, 0, null],
		[ new Date(2018,3,18,19,20,55), 0, 52.1115, 1.7976, 0, null],
		[ new Date(2018,3,18,19,20,54), 0, 83.50544, 3.87166, 0, null],
		[ new Date(2018,3,18,19,20,53), 0, 106.56039, 3.8478, 0, null],
		[ new Date(2018,3,18,19,20,52), 0, 138.9837, 0, 0, null],
		[ new Date(2018,3,18,19,20,51), 0, 415.0127, 3.943, 0, null],
		[ new Date(2018,3,18,19,20,50), 0, 84.937, 1.953, 0, null],
		[ new Date(2018,3,18,19,20,49), 0, 28.1132, 1.8742, 0, null],
		[ new Date(2018,3,18,19,20,48), 0, 32.23405, 2.0002, 0, null],
		[ new Date(2018,3,18,19,20,47), 0, 53.80878, 1.99938, 0, null],
		[ new Date(2018,3,18,19,20,46), 0, 125.0022, 1.9532, 0, null],
		[ new Date(2018,3,18,19,20,45), 0, 124.25745, 4.92855, 0, null],
		[ new Date(2018,3,18,19,20,44), 0, 126.0607, 4.924, 0, null],
		[ new Date(2018,3,18,19,20,43), 0, 203.7579, 0, 0, null],
		[ new Date(2018,3,18,19,20,42), 0, 136.78542, 3.81683, 0, null],
		[ new Date(2018,3,18,19,20,41), 0, 97.90225, 1.93449, 0, null],
		[ new Date(2018,3,18,19,20,40), 0, 78.61403, 2.92389, 0, null],
		[ new Date(2018,3,18,19,20,39), 0, 121.403, 5.54084, 0, null],
		[ new Date(2018,3,18,19,20,38), 0, 199.0268, 3.85276, 0, null],
		[ new Date(2018,3,18,19,20,37), 0, 517.9953, 3.05184, 0, null],
		[ new Date(2018,3,18,19,20,36), 0, 1641.992, 8.83028, 0, null],
		[ new Date(2018,3,18,19,20,35), 0, 1516.8724, 4.8762, 0, null],
		[ new Date(2018,3,18,19,20,34), 0, 4.31079, 1.70538, 0, null],
		[ new Date(2018,3,18,19,20,33), 0, 105.33441, 4.94783, 0, null],
		[ new Date(2018,3,18,19,20,32), 0, 1174.8924, 4.66075, 0, null],
		[ new Date(2018,3,18,19,20,31), 0, 1127.1619, 1.7648, 0, null],
		[ new Date(2018,3,18,19,20,30), 0, 1709.562, 1.9926, 0, null],
		[ new Date(2018,3,18,19,20,29), 0, 121.1925, 4.7343, 0, null],
		[ new Date(2018,3,18,19,20,28), 0, 93.02839, 3.89284, 0, null],
		[ new Date(2018,3,18,19,20,27), 0, 84.55537, 4.84163, 0, null],
		[ new Date(2018,3,18,19,20,26), 0, 119.53825, 0.996, 0, null],
		[ new Date(2018,3,18,19,20,25), 0, 157.16493, 2.0022, 0, null],
		[ new Date(2018,3,18,19,20,24), 0, 160.1331, 5.8582, 0, null],
		[ new Date(2018,3,18,19,20,23), 0, 329.1233, 2.88241, 0, null],
		[ new Date(2018,3,18,19,20,22), 0, 106.8881, 0, 0, null],
		[ new Date(2018,3,18,19,20,21), 0, 174.9762, 3.83112, 0, null],
		[ new Date(2018,3,18,19,20,20), 0, 229.7929, 3.9978, 0, null],
		[ new Date(2018,3,18,19,20,19), 0, 4.67821, 3.01108, 0, null],
		[ new Date(2018,3,18,19,20,18), 0, 80.35812, 3.96597, 0, null],
		[ new Date(2018,3,18,19,20,17), 0, 1737.541, 10.6648, 0, null],
		[ new Date(2018,3,18,19,20,16), 0, 15.9721, 0.9985, 0, null],
		[ new Date(2018,3,18,19,20,15), 0, 24.20442, 2.05, 0, null],
		[ new Date(2018,3,18,19,20,14), 0, 1961.765, 6.37069, 0, null],
		[ new Date(2018,3,18,19,20,13), 0, 883.166, 3.3032, 0, null],
		[ new Date(2018,3,18,19,20,12), 0, 23.9917, 1.9994, 0, null],
		[ new Date(2018,3,18,19,20,11), 0, 67.34932, 4.91265, 0, null],
		[ new Date(2018,3,18,19,20,10), 0, 88.0564, 2.9031, 0, null],
		[ new Date(2018,3,18,19,20,9), 0, 85.32337, 1.02255, 0, null],
		[ new Date(2018,3,18,19,20,8), 0, 105.99967, 3.97645, 0, null],
		[ new Date(2018,3,18,19,20,7), 0, 97.9036, 1.8833, 0, null],
		[ new Date(2018,3,18,19,20,6), 0, 58.0248, 0.967, 0, null],
		[ new Date(2018,3,18,19,20,5), 0, 63.91157, 3.8591, 0, null],
		[ new Date(2018,3,18,19,20,4), 0, 125.9095, 0.9993, 0, null],
		[ new Date(2018,3,18,19,20,3), 0, 118.22029, 3.8947, 0, null],
		[ new Date(2018,3,18,19,20,2), 0, 119.17523, 2.98837, 0, null],
		[ new Date(2018,3,18,19,20,1), 0, 129.43388, 1.98574, 0, null],
		[ new Date(2018,3,18,19,20,0), 0, 161.70791, 1.04772, 0, null],
		[ new Date(2018,3,18,19,19,59), 0, 139.1187, 5.7986, 0, null],
		[ new Date(2018,3,18,19,19,58), 0, 129.9414, 0.9996, 0, null],
		[ new Date(2018,3,18,19,19,57), 0, 135.22229, 3.9062, 0, null],
		[ new Date(2018,3,18,19,19,56), 0, 133.8521, 2.9316, 0, null],
		[ new Date(2018,3,18,19,19,55), 0, 120.59846, 1.00002, 0, null],
		[ new Date(2018,3,18,19,19,54), 0, 242.6897, 2.9367, 0, null],
		[ new Date(2018,3,18,19,19,53), 0, 4.1861, 3.48683, 0, null],
		[ new Date(2018,3,18,19,19,52), 0, 64.0544, 1.941, 0, null],
		[ new Date(2018,3,18,19,19,51), 0, 75.0772, 2.8877, 0, null],
		[ new Date(2018,3,18,19,19,50), 0, 1101.4186, 8.21861, 0, null],
		[ new Date(2018,3,18,19,19,49), 0, 1745.194, 7.5249, 0, null],
		[ new Date(2018,3,18,19,19,48), 0, 8.25661, 1.01251, 0, null],
		[ new Date(2018,3,18,19,19,47), 0, 42.31348, 1.988, 0, null],
		[ new Date(2018,3,18,19,19,46), 0, 1076.0899, 1.02235, 0, null],
		[ new Date(2018,3,18,19,19,45), 0, 1122.8544, 1.9714, 0, null],
		[ new Date(2018,3,18,19,19,44), 0, 1289.7456, 9.9622, 0, null],
		[ new Date(2018,3,18,19,19,43), 0, 118.44125, 1.96507, 0, null],
		[ new Date(2018,3,18,19,19,42), 0, 220.8355, 2.9841, 0, null],
		[ new Date(2018,3,18,19,19,41), 0, 120.9178, 3.903, 0, null],
		[ new Date(2018,3,18,19,19,40), 0, 131.97888, 1.94716, 0, null],
		[ new Date(2018,3,18,19,19,39), 0, 115.55128, 1.00387, 0, null],
		[ new Date(2018,3,18,19,19,38), 0, 154.9627, 1.9994, 0, null],
		[ new Date(2018,3,18,19,19,37), 0, 198.5484, 1.02617, 0, null],
		[ new Date(2018,3,18,19,19,36), 0, 232.9736, 3.94785, 0, null],
		[ new Date(2018,3,18,19,19,35), 0, 145.306, 7.5982, 0, null],
		[ new Date(2018,3,18,19,19,34), 0, 113.0053, 1.9655, 0, null],
		[ new Date(2018,3,18,19,19,33), 0, 25.41843, 1.974, 0, null],
		[ new Date(2018,3,18,19,19,32), 0, 1274.9162, 12.27384, 0, null],
		[ new Date(2018,3,18,19,19,31), 0, 571.0117, 3.7237, 0, null],
		[ new Date(2018,3,18,19,19,30), 0, 25.35248, 2.30616, 0, null],
		[ new Date(2018,3,18,19,19,29), 0, 1701.392, 7.09159, 0, null],
		[ new Date(2018,3,18,19,19,28), 0, 948.158, 0.9721, 0, null],
		[ new Date(2018,3,18,19,19,27), 0, 136.9507, 5.8287, 0, null],
		[ new Date(2018,3,18,19,19,26), 0, 199.0491, 3.9031, 0, null],
		[ new Date(2018,3,18,19,19,25), 0, 120.0561, 2.9282, 0, null],
		[ new Date(2018,3,18,19,19,24), 0, 128.19395, 3.00143, 0, null],
		[ new Date(2018,3,18,19,19,23), 0, 133.26017, 2.93995, 0, null],
		[ new Date(2018,3,18,19,19,22), 0, 151.9703, 0, 0, null],
		[ new Date(2018,3,18,19,19,21), 0, 333.9139, 1.95715, 0, null],
		[ new Date(2018,3,18,19,19,20), 0, 138.0285, 3.9158, 0, null],
		[ new Date(2018,3,18,19,19,19), 0, 122.9908, 1.937, 0, null],
		[ new Date(2018,3,18,19,19,18), 0, 189.2483, 2.00209, 0, null],
		[ new Date(2018,3,18,19,19,17), 0, 127.04344, 3.81589, 0, null],
		[ new Date(2018,3,18,19,19,16), 0, 183.8195, 2.9349, 0, null],
		[ new Date(2018,3,18,19,19,15), 0, 5.77459, 2.93502, 0, null],
		[ new Date(2018,3,18,19,19,14), 0, 60.0559, 4.9231, 0, null],
		[ new Date(2018,3,18,19,19,13), 0, 861.4744, 4.03354, 0, null],
		[ new Date(2018,3,18,19,19,12), 0, 2029.064, 7.90545, 0, null],
		[ new Date(2018,3,18,19,19,11), 0, 494.2795, 6.7916, 0, null],
		[ new Date(2018,3,18,19,19,10), 0, 3.53287, 0.02136, 0, null],
		[ new Date(2018,3,18,19,19,9), 0, 243.16, 1.97713, 0, null],
		[ new Date(2018,3,18,19,19,8), 0, 1120.861, 3.96648, 0, null],
		[ new Date(2018,3,18,19,19,7), 0, 1926.157, 1.11564, 0, null],
		[ new Date(2018,3,18,19,19,6), 0, 448.5436, 6.9369, 0, null],
		[ new Date(2018,3,18,19,19,5), 0, 143.0028, 7.8376, 0, null],
		[ new Date(2018,3,18,19,19,4), 0, 133.51271, 1.95711, 0, null],
		[ new Date(2018,3,18,19,19,3), 0, 162.92422, 2.94738, 0, null],
		[ new Date(2018,3,18,19,19,2), 0, 330.582, 3.922, 0, null],
		[ new Date(2018,3,18,19,19,1), 0, 231.6478, 0.0297, 0, null],
		[ new Date(2018,3,18,19,19,0), 0, 186.278, 1.9328, 0, null],
		[ new Date(2018,3,18,19,18,59), 0, 18.1745, 3.06013, 0, null],
		[ new Date(2018,3,18,19,18,58), 0, 1212.9415, 8.00025, 0, null],
		[ new Date(2018,3,18,19,18,57), 0, 641.8275, 4.7906, 0, null],
		[ new Date(2018,3,18,19,18,56), 0, 2043.971, 7.9701, 0, null],
		[ new Date(2018,3,18,19,18,55), 0, 8.9964, 0, 0, null],
		[ new Date(2018,3,18,19,18,54), 0, 36.61648, 2.74833, 0, null],
		[ new Date(2018,3,18,19,18,53), 0, 61.98299, 4.72041, 0, null],
		[ new Date(2018,3,18,19,18,52), 0, 115.9656, 0, 0, null],
		[ new Date(2018,3,18,19,18,51), 0, 144.57938, 1.94907, 0, null],
		[ new Date(2018,3,18,19,18,50), 0, 174.9852, 3, 0, null],
		[ new Date(2018,3,18,19,18,49), 0, 117.0682, 2.9264, 0, null],
		[ new Date(2018,3,18,19,18,48), 0, 102.0292, 1.9434, 0, null],
		[ new Date(2018,3,18,19,18,47), 0, 124.22888, 3.95917, 0, null],
		[ new Date(2018,3,18,19,18,46), 0, 140.05461, 1.01467, 0, null],
		[ new Date(2018,3,18,19,18,45), 0, 264.577, 3.9088, 0, null],
		[ new Date(2018,3,18,19,18,44), 0, 120.57993, 3.94012, 0, null],
		[ new Date(2018,3,18,19,18,43), 0, 158.8269, 1.9733, 0, null],
		[ new Date(2018,3,18,19,18,42), 0, 17.3891, 2.6082, 0, null],
		[ new Date(2018,3,18,19,18,41), 0, 58.63998, 4.82086, 0, null],
		[ new Date(2018,3,18,19,18,40), 0, 889.5817, 5.04098, 0, null],
		[ new Date(2018,3,18,19,18,39), 0, 2020.208, 7.7879, 0, null],
		[ new Date(2018,3,18,19,18,38), 0, 5.262, 3.95086, 0, null],
		[ new Date(2018,3,18,19,18,37), 0, 35.71703, 0.05, 0, null],
		[ new Date(2018,3,18,19,18,36), 0, 788.7942, 3.9722, 0, null],
		[ new Date(2018,3,18,19,18,35), 0, 2024.954, 9.04234, 0, null],
		[ new Date(2018,3,18,19,18,34), 0, 217.1291, 1.9229, 0, null],
		[ new Date(2018,3,18,19,18,33), 0, 122.8488, 2.997, 0, null],
		[ new Date(2018,3,18,19,18,32), 0, 118.0899, 4.8799, 0, null],
		[ new Date(2018,3,18,19,18,31), 0, 138.54047, 0.02148, 0, null],
		[ new Date(2018,3,18,19,18,30), 0, 175.1598, 1.97062, 0, null],
		[ new Date(2018,3,18,19,18,29), 0, 252.7245, 3.9802, 0, null],
		[ new Date(2018,3,18,19,18,28), 0, 167.34221, 0.03558, 0, null],
		[ new Date(2018,3,18,19,18,27), 0, 104.9625, 2.9989, 0, null],
		[ new Date(2018,3,18,19,18,26), 0, 157.5288, 4.84174, 0, null],
		[ new Date(2018,3,18,19,18,25), 0, 1167.7368, 9.601, 0, null],
		[ new Date(2018,3,18,19,18,24), 0, 1804.722, 6.9982, 0, null],
		[ new Date(2018,3,18,19,18,23), 0, 96.9285, 1.9397, 0, null],
		[ new Date(2018,3,18,19,18,22), 0, 109.42842, 1.00715, 0, null],
		[ new Date(2018,3,18,19,18,21), 0, 133.36482, 3.88806, 0, null],
		[ new Date(2018,3,18,19,18,20), 0, 146.8084, 3.9163, 0, null],
		[ new Date(2018,3,18,19,18,19), 0, 140.73818, 2.03348, 0, null],
		[ new Date(2018,3,18,19,18,18), 0, 190.1602, 4.80504, 0, null],
		[ new Date(2018,3,18,19,18,17), 0, 176.8636, 0.9773, 0, null],
		[ new Date(2018,3,18,19,18,16), 0, 185.3695, 2.98364, 0, null],
		[ new Date(2018,3,18,19,18,15), 0, 54.0162, 2.9473, 0, null],
		[ new Date(2018,3,18,19,18,14), 0, 344.2292, 6.87279, 0, null],
		[ new Date(2018,3,18,19,18,13), 0, 1005.4459, 7.94773, 0, null],
		[ new Date(2018,3,18,19,18,12), 0, 682.0872, 3.7624, 0, null],
		[ new Date(2018,3,18,19,18,11), 0, 178.3767, 4.85306, 0, null],
		[ new Date(2018,3,18,19,18,10), 0, 1507.5753, 6.9592, 0, null],
		[ new Date(2018,3,18,19,18,9), 0, 564.2916, 3.9707, 0, null],
		[ new Date(2018,3,18,19,18,8), 0, 173.8492, 0.99496, 0, null],
		[ new Date(2018,3,18,19,18,7), 0, 151.13511, 0.99987, 0, null],
		[ new Date(2018,3,18,19,18,6), 0, 234.6812, 0.9824, 0, null],
		[ new Date(2018,3,18,19,18,5), 0, 827.8889, 12.88634, 0, null],
		[ new Date(2018,3,18,19,18,4), 0, 1070.208, 10.4692, 0, null],
		[ new Date(2018,3,18,19,18,3), 0, 518.472, 2.9749, 0, null],
		[ new Date(2018,3,18,19,18,2), 0, 94.40298, 3.95809, 0, null],
		[ new Date(2018,3,18,19,18,1), 0, 125.5864, 3.84649, 0, null],
		[ new Date(2018,3,18,19,18,0), 0, 163.43361, 0.98958, 0, null],
		[ new Date(2018,3,18,19,17,59), 0, 168.89, 2.946, 0, null],
		[ new Date(2018,3,18,19,17,58), 0, 142.9974, 0.9662, 0, null],
		[ new Date(2018,3,18,19,17,57), 0, 1308.7946, 15.19264, 0, null],
		[ new Date(2018,3,18,19,17,56), 0, 424.7649, 5.5727, 0, null],
		[ new Date(2018,3,18,19,17,55), 0, 426.6015, 2.02179, 0, null],
		[ new Date(2018,3,18,19,17,54), 0, 826.5784, 1.9557, 0, null],
		[ new Date(2018,3,18,19,17,53), 0, 116.44209, 5.76452, 0, null],
		[ new Date(2018,3,18,19,17,52), 0, 213.0247, 2.01075, 0, null],
		[ new Date(2018,3,18,19,17,51), 0, 210.9318, 2.8636, 0, null],
		[ new Date(2018,3,18,19,17,50), 0, 138.0382, 5.6769, 0, null],
		[ new Date(2018,3,18,19,17,49), 0, 7.6449, 2.66094, 0, null],
		[ new Date(2018,3,18,19,17,48), 0, 316.3002, 5.71977, 0, null],
		[ new Date(2018,3,18,19,17,47), 0, 865.6939, 9.5021, 0, null],
		[ new Date(2018,3,18,19,17,46), 0, 1174.5387, 4.9794, 0, null],
		[ new Date(2018,3,18,19,17,45), 0, 111.69222, 2.89955, 0, null],
		[ new Date(2018,3,18,19,17,44), 0, 159.70633, 2.936, 0, null],
		[ new Date(2018,3,18,19,17,43), 0, 201.4679, 1.97234, 0, null],
		[ new Date(2018,3,18,19,17,42), 0, 134.8726, 1.9134, 0, null],
		[ new Date(2018,3,18,19,17,41), 0, 72.0428, 2.9209, 0, null],
		[ new Date(2018,3,18,19,17,40), 0, 4.34447, 2.03192, 0, null],
		[ new Date(2018,3,18,19,17,39), 0, 32.3638, 4.6241, 0, null],
		[ new Date(2018,3,18,19,17,38), 0, 683.1956, 3.98726, 0, null],
		[ new Date(2018,3,18,19,17,37), 0, 811.5453, 10.3665, 0, null],
		[ new Date(2018,3,18,19,17,36), 0, 607.1275, 3.00001, 0, null],
		[ new Date(2018,3,18,19,17,35), 0, 498.0793, 2.9394, 0, null],
		[ new Date(2018,3,18,19,17,34), 0, 143.15274, 3.85218, 0, null],
		[ new Date(2018,3,18,19,17,33), 0, 202.8301, 1.9414, 0, null],
		[ new Date(2018,3,18,19,17,32), 0, 65.3596, 3.81892, 0, null],
		[ new Date(2018,3,18,19,17,31), 0, 857.1468, 4.78139, 0, null],
		[ new Date(2018,3,18,19,17,30), 0, 1010.9014, 6.867, 0, null],
		[ new Date(2018,3,18,19,17,29), 0, 156.92156, 3.89134, 0, null],
		[ new Date(2018,3,18,19,17,28), 0, 141.08671, 2.98472, 0, null],
		[ new Date(2018,3,18,19,17,27), 0, 134.9906, 4.7884, 0, null],
		[ new Date(2018,3,18,19,17,26), 0, 49.24026, 2.90907, 0, null],
		[ new Date(2018,3,18,19,17,25), 0, 311.3463, 5.12838, 0, null],
		[ new Date(2018,3,18,19,17,24), 0, 890.673, 9.83, 0, null],
		[ new Date(2018,3,18,19,17,23), 0, 17.5359, 1.06301, 0, null],
		[ new Date(2018,3,18,19,17,22), 0, 842.7188, 5.9983, 0, null],
		[ new Date(2018,3,18,19,17,21), 0, 118.70071, 1.86255, 0, null],
		[ new Date(2018,3,18,19,17,20), 0, 153.8984, 1.9364, 0, null],
		[ new Date(2018,3,18,19,17,19), 0, 299.939, 5.02424, 0, null],
		[ new Date(2018,3,18,19,17,18), 0, 898.3734, 9.244, 0, null],
		[ new Date(2018,3,18,19,17,17), 0, 1100.6997, 1.9677, 0, null],
		[ new Date(2018,3,18,19,17,16), 0, 142.42763, 2.97929, 0, null],
		[ new Date(2018,3,18,19,17,15), 0, 147.8219, 0.9725, 0, null],
		[ new Date(2018,3,18,19,17,14), 0, 70.84179, 5.09375, 0, null],
		[ new Date(2018,3,18,19,17,13), 0, 827.1367, 12.19484, 0, null],
		[ new Date(2018,3,18,19,17,12), 0, 384.8533, 2.8304, 0, null],
		[ new Date(2018,3,18,19,17,11), 0, 13.74626, 1.34247, 0, null],
		[ new Date(2018,3,18,19,17,10), 0, 656.2381, 6.91753, 0, null],
		[ new Date(2018,3,18,19,17,9), 0, 115.4111, 2.84634, 0, null],
		[ new Date(2018,3,18,19,17,8), 0, 121.8421, 1.905, 0, null],
		[ new Date(2018,3,18,19,17,7), 0, 993.6956, 13.06594, 0, null],
		[ new Date(2018,3,18,19,17,6), 0, 956.4494, 3.9614, 0, null],
		[ new Date(2018,3,18,19,17,5), 0, 156.7549, 2.9403, 0, null],
		[ new Date(2018,3,18,19,17,4), 0, 321.4008, 9.55685, 0, null],
		[ new Date(2018,3,18,19,17,3), 0, 754.4088, 7.3898, 0, null],
		[ new Date(2018,3,18,19,17,2), 0, 14.5358, 2.80285, 0, null],
		[ new Date(2018,3,18,19,17,1), 0, 513.1415, 6.9378, 0, null],
		[ new Date(2018,3,18,19,17,0), 0, 396.4663, 3.90985, 0, null],
		[ new Date(2018,3,18,19,16,59), 0, 864.5016, 7.57591, 0, null],
		[ new Date(2018,3,18,19,16,58), 0, 462.757, 3.9076, 0, null],
		[ new Date(2018,3,18,19,16,57), 0, 804.915, 13.98316, 0, null],
		[ new Date(2018,3,18,19,16,56), 0, 125.775, 3.938, 0, null],
		[ new Date(2018,3,18,19,16,55), 0, 424.1618, 7.87724, 0, null],
		[ new Date(2018,3,18,19,16,54), 0, 93.0589, 3.8392, 0, null],
		[ new Date(2018,3,18,19,16,53), 0, 179.8778, 2.9185, 0, null],
		[ new Date(2018,3,18,19,16,52), 0, 5.01564, 2.01092, 0, null],
		[ new Date(2018,3,18,19,16,51), 0, 266.2239, 2.94237, 0, null],
		[ new Date(2018,3,18,19,16,50), 0, 1343.7103, 9.5507, 0, null],
		[ new Date(2018,3,18,19,16,49), 0, 85.9914, 2.8995, 0, null],
		[ new Date(2018,3,18,19,16,48), 0, 3.32856, 1.75304, 0, null],
		[ new Date(2018,3,18,19,16,47), 0, 94.8527, 4.995, 0, null],
		[ new Date(2018,3,18,19,16,46), 0, 8.3076, 3.2626, 0, null],
		[ new Date(2018,3,18,19,16,45), 0, 245.9163, 2.05237, 0, null],
		[ new Date(2018,3,18,19,16,44), 0, 694.3377, 10.0326, 0, null],
		[ new Date(2018,3,18,19,16,43), 0, 494.474, 6.94872, 0, null],
		[ new Date(2018,3,18,19,16,42), 0, 145.5665, 1.9609, 0, null],
		[ new Date(2018,3,18,19,16,41), 0, 34.4699, 2.522, 0, null],
		[ new Date(2018,3,18,19,16,40), 0, 1170.6425, 12.36795, 0, null],
		[ new Date(2018,3,18,19,16,39), 0, 516.7075, 2.99006, 0, null],
		[ new Date(2018,3,18,19,16,38), 0, 97.8977, 2.9386, 0, null],
		[ new Date(2018,3,18,19,16,37), 0, 6.33961, 2.98694, 0, null],
		[ new Date(2018,3,18,19,16,36), 0, 30.44395, 1.99956, 0, null],
		[ new Date(2018,3,18,19,16,35), 0, 59.0629, 1.9363, 0, null],
		[ new Date(2018,3,18,19,16,34), 0, 956.7403, 16.0093, 0, null],
		[ new Date(2018,3,18,19,16,33), 0, 412.0012, 3.971, 0, null],
		[ new Date(2018,3,18,19,16,32), 0, 124.12486, 1.02723, 0, null],
		[ new Date(2018,3,18,19,16,31), 0, 323.9041, 4.9091, 0, null],
		[ new Date(2018,3,18,19,16,30), 0, 34.47843, 1.01169, 0, null],
		[ new Date(2018,3,18,19,16,29), 0, 983.7019, 7.5165, 0, null],
		[ new Date(2018,3,18,19,16,28), 0, 638.8351, 8.8929, 0, null],
		[ new Date(2018,3,18,19,16,27), 0, 2.26863, 3.01889, 0, null],
		[ new Date(2018,3,18,19,16,26), 0, 25.5525, 4.4069, 0, null],
		[ new Date(2018,3,18,19,16,25), 0, 16.53566, 3.11875, 0, null],
		[ new Date(2018,3,18,19,16,24), 0, 916.0179, 13.07925, 0, null],
		[ new Date(2018,3,18,19,16,23), 0, 498.0944, 5.8772, 0, null],
		[ new Date(2018,3,18,19,16,22), 0, 12.57006, 4.01171, 0, null],
		[ new Date(2018,3,18,19,16,21), 0, 673.2721, 4.73542, 0, null],
		[ new Date(2018,3,18,19,16,20), 0, 866.5476, 6.7831, 0, null],
		[ new Date(2018,3,18,19,16,19), 0, 146.7417, 2.9966, 0, null],
		[ new Date(2018,3,18,19,16,18), 0, 32.9601, 2.997, 0, null],
		[ new Date(2018,3,18,19,16,17), 0, 14.59468, 0.93166, 0, null],
		[ new Date(2018,3,18,19,16,16), 0, 984.5791, 12.05262, 0, null],
		[ new Date(2018,3,18,19,16,15), 0, 518.2396, 4.97979, 0, null],
		[ new Date(2018,3,18,19,16,14), 0, 272.6277, 2.9487, 0, null],
		[ new Date(2018,3,18,19,16,13), 0, 491.084, 8.63964, 0, null],
		[ new Date(2018,3,18,19,16,12), 0, 829.7957, 4.7516, 0, null],
		[ new Date(2018,3,18,19,16,11), 0, 425.9472, 3.35878, 0, null],
		[ new Date(2018,3,18,19,16,10), 0, 629.794, 4.3978, 0, null],
		[ new Date(2018,3,18,19,16,9), 0, 75.0293, 1.9489, 0, null],
		[ new Date(2018,3,18,19,16,8), 0, 122.1038, 4.8841, 0, null],
		[ new Date(2018,3,18,19,16,7), 0, 203.6953, 3.95803, 0, null],
		[ new Date(2018,3,18,19,16,6), 0, 1032.1109, 8.2863, 0, null],
		[ new Date(2018,3,18,19,16,5), 0, 12.21149, 1.06496, 0, null],
		[ new Date(2018,3,18,19,16,4), 0, 863.5757, 6.91245, 0, null],
		[ new Date(2018,3,18,19,16,3), 0, 778.8455, 1.9422, 0, null],
		[ new Date(2018,3,18,19,16,2), 0, 2.28244, 0.78542, 0, null],
		[ new Date(2018,3,18,19,16,1), 0, 4.9936, 3.996, 0, null],
		[ new Date(2018,3,18,19,16,0), 0, 0.03313, 1.98819, 0, null],