	        [ new Date(2018,3,18,19,31,4), 0.03125, 18052.64, 21.02734, 0, null],
		[ new Date(2018,3,18,19,31,3), 0.03125, 18052.64, 21.02734, 0, null],
		[ new Date(2018,3,18,19,31,2), 0.03125, 18052.63, 21.02734, 0, null],
		[ new Date(2018,3,18,19,31,1), 0.03125, 18052.51, 21.02734, 0, null],
		[ new Date(2018,3,18,19,31,0), 0.03125, 18052.34, 21.02734, 0, null],
		[ new Date(2018,3,18,19,30,59), 0.03125, 18052.27, 21.02734, 0, null],
		[ new Date(2018,3,18,19,30,58), 0.03125, 18050.96, 21.02734, 0, null],
		[ new Date(2018,3,18,19,30,57), 0.03125, 18050.87, 21.02734, 0, null],
		[ new Date(2018,3,18,19,30,56), 0.03125, 18050.81, 21.02734, 0, null],
		[ new Date(2018,3,18,19,30,55), 0.03125, 18050.75, 21.02734, 0, null],
		[ new Date(2018,3,18,19,30,54), 0.03125, 18050.74, 21.02734, 0, null],
		[ new Date(2018,3,18,19,30,53), 0.03125, 18050.74, 21.02734, 0, null],
		[ new Date(2018,3,18,19,30,52), 0.03125, 18107.03, 21.02734, 0, null],
		[ new Date(2018,3,18,19,30,51), 0.03125, 18107.03, 21.02734, 0, null],
		[ new Date(2018,3,18,19,30,50), 0.03125, 18107.02, 21.02734, 0, null],
		[ new Date(2018,3,18,19,30,49), 0.03125, 18106.88, 21.02734, 0, null],
		[ new Date(2018,3,18,19,30,48), 0.03125, 18106.6, 21.02734, 0, null],
		[ new Date(2018,3,18,19,30,47), 0.03125, 18104.56, 21.02734, 0, null],
		[ new Date(2018,3,18,19,30,46), 0.03125, 18104.03, 21.02734, 0, null],
		[ new Date(2018,3,18,19,30,45), 0.03125, 18062.61, 21.02734, 0, null],
		[ new Date(2018,3,18,19,30,44), 0.03125, 18229.11, 21.02734, 0, null],
		[ new Date(2018,3,18,19,30,43), 0.03125, 18124.41, 21.02734, 0, null],
		[ new Date(2018,3,18,19,30,42), 0.03125, 18124.4, 21.02734, 0, null],
		[ new Date(2018,3,18,19,30,41), 0.03125, 18124.29, 21.02734, 0, null],
		[ new Date(2018,3,18,19,30,40), 0.03125, 18124.29, 21.02734, 0, null],
		[ new Date(2018,3,18,19,30,39), 0.03125, 18124.29, 21.02734, 0, null],
		[ new Date(2018,3,18,19,30,38), 0.03125, 18124.28, 21.02734, 0, null],
		[ new Date(2018,3,18,19,30,37), 0.03125, 18124.28, 21.02734, 0, null],
		[ new Date(2018,3,18,19,30,36), 0.03125, 18124.21, 21.02734, 0, null],
		[ new Date(2018,3,18,19,30,35), 0.03125, 18124.21, 21.02734, 0, null],
		[ new Date(2018,3,18,19,30,34), 0.03125, 18124.18, 21.02734, 0, null],
		[ new Date(2018,3,18,19,30,33), 0.03125, 18124.12, 21.02734, 0, null],
		[ new Date(2018,3,18,19,30,32), 0.03125, 18123.92, 21.02734, 0, null],
		[ new Date(2018,3,18,19,30,31), 0.03125, 18123.7, 21.02734, 0, null],
		[ new Date(2018,3,18,19,30,30), 0.03125, 18123.7, 21.02734, 0, null],
		[ new Date(2018,3,18,19,30,29), 0.03125, 18123.68, 21.02734, 0, null],
		[ new Date(2018,3,18,19,30,28), 0.03125, 17929.59, 21.02734, 0, null],
		[ new Date(2018,3,18,19,30,27), 0.03125, 17929.48, 21.02734, 0, null],
		[ new Date(2018,3,18,19,30,26), 0.03125, 17860.68, 21.02734, 0, null],
		[ new Date(2018,3,18,19,30,25), 0.03125, 17858.86, 21.02734, 0, null],
		[ new Date(2018,3,18,19,30,24), 0.03125, 17717.41, 21.02734, 0, null],
		[ new Date(2018,3,18,19,30,23), 0.03125, 17585.65, 21.02734, 0, null],
		[ new Date(2018,3,18,19,30,22), 0.03125, 17585.65, 21.02734, 0, null],
		[ new Date(2018,3,18,19,30,21), 0.03125, 17585.62, 21.02734, 0, null],
		[ new Date(2018,3,18,19,30,20), 0.03125, 17585.61, 21.02734, 0, null],
		[ new Date(2018,3,18,19,30,19), 0.03125, 17585.38, 21.02734, 0, null],
		[ new Date(2018,3,18,19,30,18), 0.03125, 17582.77, 21.02734, 0, null],
		[ new Date(2018,3,18,19,30,17), 0.03125, 17434.66, 21.02734, 0, null],
		[ new Date(2018,3,18,19,30,16), 0.03125, 17232.2, 21.02734, 0, null],
		[ new Date(2018,3,18,19,30,15), 0.03125, 17232.17, 21.02734, 0, null],
		[ new Date(2018,3,18,19,30,14), 0.03125, 17232.15, 21.02734, 0, null],
		[ new Date(2018,3,18,19,30,13), 0.03125, 17229.3, 21.02734, 0, null],
		[ new Date(2018,3,18,19,30,12), 0.03125, 17004.99, 21.02734, 0, null],
		[ new Date(2018,3,18,19,30,11), 0.03125, 16994.2, 21.02734, 0, null],
		[ new Date(2018,3,18,19,30,10), 0.03125, 16994.18, 21.02734, 0, null],
		[ new Date(2018,3,18,19,30,9), 0.03125, 16994.18, 21.02734, 0, null],
		[ new Date(2018,3,18,19,30,8), 0.03125, 16914.22, 21.02734, 0, null],
		[ new Date(2018,3,18,19,30,7), 0.03125, 16914.22, 21.02734, 0, null],
		[ new Date(2018,3,18,19,30,6), 0.03125, 16758.109, 21.02734, 0, null],
		[ new Date(2018,3,18,19,30,5), 0.03125, 16758.113, 21.02734, 0, null],
		[ new Date(2018,3,18,19,30,4), 0.03125, 16756.617, 21.02734, 0, null],
		[ new Date(2018,3,18,19,30,3), 0.03125, 16641.996, 21.02734, 0, null],
		[ new Date(2018,3,18,19,30,2), 0.03125, 16641.937, 21.02734, 0, null],
		[ new Date(2018,3,18,19,30,1), 0.03125, 16641.934, 21.02734, 0, null],
		[ new Date(2018,3,18,19,30,0), 0.03125, 16641.894, 21.02734, 0, null],
		[ new Date(2018,3,18,19,29,59), 0.03125, 16641.883, 21.02734, 0, null],
		[ new Date(2018,3,18,19,29,58), 0.03125, 16647.586, 21.02734, 0, null],
		[ new Date(2018,3,18,19,29,57), 0.03125, 16647.569, 21.02734, 0, null],
		[ new Date(2018,3,18,19,29,56), 0.03125, 16643.745, 21.02734, 0, null],
		[ new Date(2018,3,18,19,29,55), 0.03125, 16349.602, 21.02734, 0, null],
		[ new Date(2018,3,18,19,29,54), 0.03125, 16349.488, 21.02734, 0, null],
		[ new Date(2018,3,18,19,29,53), 0.03125, 16349.489, 21.02734, 0, null],
		[ new Date(2018,3,18,19,29,52), 0.03125, 16349.531, 21.02734, 0, null],
		[ new Date(2018,3,18,19,29,51), 0.03125, 16259.289, 21.02734, 0, null],
		[ new Date(2018,3,18,19,29,50), 0.03125, 16259.281, 21.02734, 0, null],
		[ new Date(2018,3,18,19,29,49), 0.03125, 16259.277, 21.02734, 0, null],
		[ new Date(2018,3,18,19,29,48), 0.03125, 16109.004, 21.02734, 0, null],
		[ new Date(2018,3,18,19,29,47), 0.03125, 16109.008, 21.02734, 0, null],
		[ new Date(2018,3,18,19,29,46), 0.03125, 16108.862, 21.02734, 0, null],
		[ new Date(2018,3,18,19,29,45), 0.03125, 16108.785, 21.02734, 0, null],
		[ new Date(2018,3,18,19,29,44), 0.03125, 16108.707, 21.02734, 0, null],
		[ new Date(2018,3,18,19,29,43), 0.03125, 16104.695, 21.02734, 0, null],
		[ new Date(2018,3,18,19,29,42), 0.03125, 16103.969, 21.02734, 0, null],
		[ new Date(2018,3,18,19,29,41), 0.03125, 16049.191, 21.02734, 0, null],
		[ new Date(2018,3,18,19,29,40), 0.03125, 16049.172, 21.02734, 0, null],
		[ new Date(2018,3,18,19,29,39), 0.03125, 16048.984, 21.02734, 0, null],
		[ new Date(2018,3,18,19,29,38), 0.03125, 16048.984, 21.02734, 0, null],
		[ new Date(2018,3,18,19,29,37), 0.03125, 16048.977, 21.02734, 0, null],
		[ new Date(2018,3,18,19,29,36), 0.03125, 15912.496, 21.02734, 0, null],
		[ new Date(2018,3,18,19,29,35), 0.03125, 15912.488, 21.02734, 0, null],
		[ new Date(2018,3,18,19,29,34), 0.03125, 15912.141, 21.02734, 0, null],
		[ new Date(2018,3,18,19,29,33), 0.03125, 15908.191, 21.02734, 0, null],
		[ new Date(2018,3,18,19,29,32), 0.03125, 15874.301, 21.02734, 0, null],
		[ new Date(2018,3,18,19,29,31), 0.03125, 15866.757, 21.02734, 0, null],
		[ new Date(2018,3,18,19,29,30), 0.03125, 15768.566, 21.02734, 0, null],
		[ new Date(2018,3,18,19,29,29), 0.03125, 15767.874, 21.02734, 0, null],
		[ new Date(2018,3,18,19,29,28), 0.03125, 15713.199, 21.02734, 0, null],
		[ new Date(2018,3,18,19,29,27), 0.03125, 15712.769, 21.02734, 0, null],
		[ new Date(2018,3,18,19,29,26), 0.03125, 15712.766, 21.02734, 0, null],
		[ new Date(2018,3,18,19,29,25), 0.03125, 15671.5, 21.02734, 0, null],
		[ new Date(2018,3,18,19,29,24), 0.03125, 15666.752, 21.02734, 0, null],
		[ new Date(2018,3,18,19,29,23), 0.03125, 15659.195, 21.02734, 0, null],
		[ new Date(2018,3,18,19,29,22), 0.03125, 15501.429, 21.02734, 0, null],
		[ new Date(2018,3,18,19,29,21), 0.03125, 15396.016, 21.02734, 0, null],
		[ new Date(2018,3,18,19,29,20), 0.03125, 15395.582, 21.02734, 0, null],
		[ new Date(2018,3,18,19,29,19), 0.03125, 15392.829, 21.02734, 0, null],
		[ new Date(2018,3,18,19,29,18), 0.03125, 15390.637, 21.02734, 0, null],
		[ new Date(2018,3,18,19,29,17), 0.03125, 15381.299, 21.02734, 0, null],
		[ new Date(2018,3,18,19,29,16), 0.03125, 15379.711, 21.02734, 0, null],
		[ new Date(2018,3,18,19,29,15), 0.03125, 15169.462, 21.02734, 0, null],
		[ new Date(2018,3,18,19,29,14), 0.03125, 15130.492, 21.02734, 0, null],
		[ new Date(2018,3,18,19,29,13), 0.03125, 15130.75, 21.02734, 0, null],
		[ new Date(2018,3,18,19,29,12), 0.03125, 15129.844, 21.02734, 0, null],
		[ new Date(2018,3,18,19,29,11), 0.03125, 15129.844, 21.02734, 0, null],
		[ new Date(2018,3,18,19,29,10), 0.03125, 15129.844, 21.02734, 0, null],
		[ new Date(2018,3,18,19,29,9), 0.03125, 15129.692, 21.02734, 0, null],
		[ new Date(2018,3,18,19,29,8), 0.03125, 15118.68, 21.02734, 0, null],
		[ new Date(2018,3,18,19,29,7), 0.03125, 15117.355, 21.02734, 0, null],
		[ new Date(2018,3,18,19,29,6), 0.03125, 15115.94, 21.02734, 0, null],
		[ new Date(2018,3,18,19,29,5), 0.03125, 15005.418, 21.02734, 0, null],
		[ new Date(2018,3,18,19,29,4), 0.03125, 15005.41, 21.02734, 0, null],
		[ new Date(2018,3,18,19,29,3), 0.03125, 15004.465, 21.02734, 0, null],
		[ new Date(2018,3,18,19,29,2), 0.03125, 15004.004, 21.02734, 0, null],
		[ new Date(2018,3,18,19,29,1), 0.03125, 15003.999, 21.02734, 0, null],
		[ new Date(2018,3,18,19,29,0), 0.03125, 15003.875, 21.02734, 0, null],
		[ new Date(2018,3,18,19,28,59), 0.03125, 15000.543, 21.02734, 0, null],
		[ new Date(2018,3,18,19,28,58), 0.03125, 14991.607, 21.02734, 0, null],
		[ new Date(2018,3,18,19,28,57), 0.03125, 14991.441, 21.02734, 0, null],
		[ new Date(2018,3,18,19,28,56), 0.03125, 14991.277, 21.02734, 0, null],
		[ new Date(2018,3,18,19,28,55), 0.03125, 14991.269, 21.02734, 0, null],
		[ new Date(2018,3,18,19,28,54), 0.03125, 14990.578, 21.02734, 0, null],
		[ new Date(2018,3,18,19,28,53), 0.03125, 14989.871, 21.02734, 0, null],
		[ new Date(2018,3,18,19,28,52), 0.03125, 14989.855, 21.02734, 0, null],
		[ new Date(2018,3,18,19,28,51), 0.03125, 14989.855, 21.02734, 0, null],
		[ new Date(2018,3,18,19,28,50), 0.03125, 14976.711, 21.02734, 0, null],
		[ new Date(2018,3,18,19,28,49), 0.03125, 14976.72, 21.02734, 0, null],
		[ new Date(2018,3,18,19,28,48), 0.03125, 14977.477, 21.02734, 0, null],
		[ new Date(2018,3,18,19,28,47), 0.03125, 14729.327, 21.02734, 0, null],
		[ new Date(2018,3,18,19,28,46), 0.03125, 14718.113, 21.02734, 0, null],
		[ new Date(2018,3,18,19,28,45), 0.03125, 14716.332, 21.02734, 0, null],
		[ new Date(2018,3,18,19,28,44), 0.03125, 14716.332, 21.02734, 0, null],
		[ new Date(2018,3,18,19,28,43), 0.03125, 14708.516, 21.02734, 0, null],
		[ new Date(2018,3,18,19,28,42), 0.03125, 14701.307, 21.02734, 0, null],
		[ new Date(2018,3,18,19,28,41), 0.03125, 14701.172, 21.02734, 0, null],
		[ new Date(2018,3,18,19,28,40), 0.03125, 14621.762, 21.02734, 0, null],
		[ new Date(2018,3,18,19,28,39), 0.03125, 14584.117, 21.02734, 0, null],
		[ new Date(2018,3,18,19,28,38), 0.03125, 14582.402, 21.02734, 0, null],
		[ new Date(2018,3,18,19,28,37), 0.03125, 14581.485, 21.02734, 0, null],
		[ new Date(2018,3,18,19,28,36), 0.03125, 14536.406, 21.02734, 0, null],
		[ new Date(2018,3,18,19,28,35), 0.03125, 14532.82, 21.02734, 0, null],
		[ new Date(2018,3,18,19,28,34), 0.03125, 14523.602, 21.02734, 0, null],
		[ new Date(2018,3,18,19,28,33), 0.03125, 14523.598, 21.02734, 0, null],
		[ new Date(2018,3,18,19,28,32), 0.03125, 14523.586, 21.02734, 0, null],
		[ new Date(2018,3,18,19,28,31), 0.03125, 14521.477, 21.02734, 0, null],
		[ new Date(2018,3,18,19,28,30), 0.03125, 14521.387, 21.02734, 0, null],
		[ new Date(2018,3,18,19,28,29), 0.03125, 14521.386, 21.02734, 0, null],
		[ new Date(2018,3,18,19,28,28), 0.03125, 14521.344, 21.02734, 0, null],
		[ new Date(2018,3,18,19,28,27), 0.03125, 14521.04, 21.02734, 0, null],
		[ new Date(2018,3,18,19,28,26), 0.03125, 14496.039, 21.02734, 0, null],
		[ new Date(2018,3,18,19,28,25), 0.03125, 14494.605, 21.02734, 0, null],
		[ new Date(2018,3,18,19,28,24), 0.03125, 14494.605, 21.02734, 0, null],
		[ new Date(2018,3,18,19,28,23), 0.03125, 14493.366, 21.02734, 0, null],
		[ new Date(2018,3,18,19,28,22), 0.03125, 14404.665, 21.02734, 0, null],
		[ new Date(2018,3,18,19,28,21), 0.03125, 14402.953, 21.02734, 0, null],
		[ new Date(2018,3,18,19,28,20), 0.03125, 14401.746, 21.02734, 0, null],
		[ new Date(2018,3,18,19,28,19), 0.03125, 14401.746, 21.02734, 0, null],
		[ new Date(2018,3,18,19,28,18), 0.03125, 14401.626, 21.02734, 0, null],
		[ new Date(2018,3,18,19,28,17), 0.03125, 14396.535, 21.02734, 0, null],
		[ new Date(2018,3,18,19,28,16), 0.03125, 14384.993, 21.02734, 0, null],
		[ new Date(2018,3,18,19,28,15), 0.03125, 14359.059, 21.02734, 0, null],
		[ new Date(2018,3,18,19,28,14), 0.03125, 14349.727, 21.02734, 0, null],
		[ new Date(2018,3,18,19,28,13), 0.03125, 14349.722, 21.02734, 0, null],
		[ new Date(2018,3,18,19,28,12), 0.03125, 14349.703, 21.02734, 0, null],
		[ new Date(2018,3,18,19,28,11), 0.03125, 14273.766, 21.02734, 0, null],
		[ new Date(2018,3,18,19,28,10), 0.03125, 14111.691, 21.02734, 0, null],
		[ new Date(2018,3,18,19,28,9), 0.03125, 14111.305, 21.02734, 0, null],
		[ new Date(2018,3,18,19,28,8), 0.03125, 14108.148, 21.02734, 0, null],
		[ new Date(2018,3,18,19,28,7), 0.03125, 14107.644, 21.02734, 0, null],
		[ new Date(2018,3,18,19,28,6), 0.03125, 14107.641, 21.02734, 0, null],
		[ new Date(2018,3,18,19,28,5), 0.03125, 14103.625, 21.02734, 0, null],
		[ new Date(2018,3,18,19,28,4), 0.03125, 14097.566, 21.02734, 0, null],
		[ new Date(2018,3,18,19,28,3), 0.03125, 14091.954, 21.02734, 0, null],
		[ new Date(2018,3,18,19,28,2), 0.03125, 14064.286, 21.02734, 0, null],
		[ new Date(2018,3,18,19,28,1), 0.03125, 14042.039, 21.02734, 0, null],
		[ new Date(2018,3,18,19,28,0), 0.03125, 14029.941, 21.02734, 0, null],
		[ new Date(2018,3,18,19,27,59), 0.03125, 14029.938, 21.02734, 0, null],
		[ new Date(2018,3,18,19,27,58), 0.03125, 14071.016, 21.02734, 0, null],
		[ new Date(2018,3,18,19,27,57), 0.03125, 14068.747, 21.02734, 0, null],
		[ new Date(2018,3,18,19,27,56), 0.03125, 13874.393, 21.02734, 0, null],
		[ new Date(2018,3,18,19,27,55), 0.03125, 13833.562, 21.02734, 0, null],
		[ new Date(2018,3,18,19,27,54), 0.03125, 13830.805, 21.02734, 0, null],
		[ new Date(2018,3,18,19,27,53), 0.03125, 13830.809, 21.02734, 0, null],
		[ new Date(2018,3,18,19,27,52), 0.03125, 13753.887, 21.02734, 0, null],
		[ new Date(2018,3,18,19,27,51), 0.03125, 13753.887, 21.02734, 0, null],
		[ new Date(2018,3,18,19,27,50), 0.03125, 13764.848, 21.02734, 0, null],
		[ new Date(2018,3,18,19,27,49), 0.03125, 13743.623, 21.02734, 0, null],
		[ new Date(2018,3,18,19,27,48), 0.03125, 13712.746, 21.02734, 0, null],
		[ new Date(2018,3,18,19,27,47), 0.03125, 13702.719, 21.02734, 0, null],
		[ new Date(2018,3,18,19,27,46), 0.03125, 13702.719, 21.02734, 0, null],
		[ new Date(2018,3,18,19,27,45), 0.03125, 13702.746, 21.02734, 0, null],
		[ new Date(2018,3,18,19,27,44), 0.03125, 13702.672, 21.02734, 0, null],
		[ new Date(2018,3,18,19,27,43), 0.03125, 13700.195, 21.02734, 0, null],
		[ new Date(2018,3,18,19,27,42), 0.03125, 13698.082, 21.02734, 0, null],
		[ new Date(2018,3,18,19,27,41), 0.03125, 13677.852, 21.02734, 0, null],
		[ new Date(2018,3,18,19,27,40), 0.03125, 13677.891, 21.02734, 0, null],
		[ new Date(2018,3,18,19,27,39), 0.03125, 13675.675, 21.02734, 0, null],
		[ new Date(2018,3,18,19,27,38), 0.03125, 13649.059, 21.02734, 0, null],
		[ new Date(2018,3,18,19,27,37), 0.03125, 13616.562, 21.02734, 0, null],
		[ new Date(2018,3,18,19,27,36), 0.03125, 13603.164, 21.02734, 0, null],
		[ new Date(2018,3,18,19,27,35), 0.03125, 13621.952, 21.02734, 0, null],
		[ new Date(2018,3,18,19,27,34), 0.03125, 13619.352, 21.02734, 0, null],
		[ new Date(2018,3,18,19,27,33), 0.03125, 13619.179, 21.02734, 0, null],
		[ new Date(2018,3,18,19,27,32), 0.03125, 13616.789, 21.02734, 0, null],
		[ new Date(2018,3,18,19,27,31), 0.03125, 13615.524, 21.02734, 0, null],
		[ new Date(2018,3,18,19,27,30), 0.03125, 13615.898, 21.02734, 0, null],
		[ new Date(2018,3,18,19,27,29), 0.03125, 13615.57, 21.02734, 0, null],
		[ new Date(2018,3,18,19,27,28), 0.03125, 13615.574, 21.02734, 0, null],
		[ new Date(2018,3,18,19,27,27), 0.03125, 13615.547, 21.02734, 0, null],
		[ new Date(2018,3,18,19,27,26), 0.03125, 13615.531, 21.02734, 0, null],
		[ new Date(2018,3,18,19,27,25), 0.03125, 13615.414, 21.02734, 0, null],
		[ new Date(2018,3,18,19,27,24), 0.03125, 13603.742, 21.02734, 0, null],
		[ new Date(2018,3,18,19,27,23), 0.03125, 13569.886, 21.02734, 0, null],
		[ new Date(2018,3,18,19,27,22), 0.03125, 13547.551, 21.02734, 0, null],
		[ new Date(2018,3,18,19,27,21), 0.03125, 13539.16, 21.02734, 0, null],
		[ new Date(2018,3,18,19,27,20), 0.03125, 13539.16, 21.02734, 0, null],
		[ new Date(2018,3,18,19,27,19), 0.03125, 13539.16, 21.02734, 0, null],
		[ new Date(2018,3,18,19,27,18), 0.03125, 13559.344, 21.02734, 0, null],
		[ new Date(2018,3,18,19,27,17), 0.03125, 13570.707, 21.02734, 0, null],
		[ new Date(2018,3,18,19,27,16), 0.03125, 13570.301, 21.02734, 0, null],
		[ new Date(2018,3,18,19,27,15), 0.03125, 13567.477, 21.02734, 0, null],
		[ new Date(2018,3,18,19,27,14), 0.03125, 13565.684, 21.02734, 0, null],
		[ new Date(2018,3,18,19,27,13), 0.03125, 13565.299, 21.02734, 0, null],
		[ new Date(2018,3,18,19,27,12), 0.03125, 13534.957, 21.02734, 0, null],
		[ new Date(2018,3,18,19,27,11), 0.03125, 13537.441, 21.02734, 0, null],
		[ new Date(2018,3,18,19,27,10), 0.03125, 13536.059, 21.02734, 0, null],
		[ new Date(2018,3,18,19,27,9), 0.03125, 13510.469, 21.02734, 0, null],
		[ new Date(2018,3,18,19,27,8), 0.03125, 13484.305, 21.02734, 0, null],
		[ new Date(2018,3,18,19,27,7), 0.03125, 13463.309, 21.02734, 0, null],
		[ new Date(2018,3,18,19,27,6), 0.03125, 13463.309, 21.02734, 0, null],
		[ new Date(2018,3,18,19,27,5), 0.03125, 13463.309, 21.02734, 0, null],
		[ new Date(2018,3,18,19,27,4), 0.03125, 13468.363, 21.02734, 0, null],
		[ new Date(2018,3,18,19,27,3), 0.03125, 13468.355, 21.02734, 0, null],
		[ new Date(2018,3,18,19,27,2), 0.03125, 13467.838, 21.02734, 0, null],
		[ new Date(2018,3,18,19,27,1), 0.03125, 13466.625, 21.02734, 0, null],
		[ new Date(2018,3,18,19,27,0), 0.03125, 13464.406, 21.02734, 0, null],
		[ new Date(2018,3,18,19,26,59), 0.03125, 13464.402, 21.02734, 0, null],
		[ new Date(2018,3,18,19,26,58), 0.03125, 13464.387, 21.02734, 0, null],
		[ new Date(2018,3,18,19,26,57), 0.03125, 13464.359, 21.02734, 0, null],
		[ new Date(2018,3,18,19,26,56), 0.03125, 13463.469, 21.02734, 0, null],
		[ new Date(2018,3,18,19,26,55), 0.03125, 13449.15, 21.02734, 0, null],
		[ new Date(2018,3,18,19,26,54), 0.03125, 13423.605, 21.02734, 0, null],
		[ new Date(2018,3,18,19,26,53), 0.03125, 13408.019, 21.02734, 0, null],
		[ new Date(2018,3,18,19,26,52), 0.03125, 13408.016, 21.02734, 0, null],
		[ new Date(2018,3,18,19,26,51), 0.03125, 13408.016, 21.02734, 0, null],
		[ new Date(2018,3,18,19,26,50), 0.03125, 13418.504, 21.02734, 0, null],
		[ new Date(2018,3,18,19,26,49), 0.03125, 13258.995, 21.02734, 0, null],
		[ new Date(2018,3,18,19,26,48), 0.03125, 13258.035, 21.02734, 0, null],
		[ new Date(2018,3,18,19,26,47), 0.03125, 13255.605, 21.02734, 0, null],
		[ new Date(2018,3,18,19,26,46), 0.03125, 13255.542, 21.02734, 0, null],
		[ new Date(2018,3,18,19,26,45), 0.03125, 13255.477, 21.02734, 0, null],
		[ new Date(2018,3,18,19,26,44), 0.03125, 13251.48, 21.02734, 0, null],
		[ new Date(2018,3,18,19,26,43), 0.03125, 13243.104, 21.02734, 0, null],
		[ new Date(2018,3,18,19,26,42), 0.03125, 13226.605, 21.02734, 0, null],
		[ new Date(2018,3,18,19,26,41), 0.03125, 13201.709, 21.02734, 0, null],
		[ new Date(2018,3,18,19,26,40), 0.03125, 13183.926, 21.02734, 0, null],
		[ new Date(2018,3,18,19,26,39), 0.03125, 13165.527, 21.02734, 0, null],
		[ new Date(2018,3,18,19,26,38), 0.03125, 13165.497, 21.02734, 0, null],
		[ new Date(2018,3,18,19,26,37), 0.03125, 13163.457, 21.02734, 0, null],
		[ new Date(2018,3,18,19,26,36), 0.03125, 13168.449, 21.02734, 0, null],
		[ new Date(2018,3,18,19,26,35), 0.03125, 13096.943, 21.02734, 0, null],
		[ new Date(2018,3,18,19,26,34), 0.03125, 13096.739, 21.02734, 0, null],
		[ new Date(2018,3,18,19,26,33), 0.03125, 13095.02, 21.02734, 0, null],
		[ new Date(2018,3,18,19,26,32), 0.03125, 13041.141, 21.02734, 0, null],
		[ new Date(2018,3,18,19,26,31), 0.03125, 13041.144, 21.02734, 0, null],
		[ new Date(2018,3,18,19,26,30), 0.03125, 13041.125, 21.02734, 0, null],
		[ new Date(2018,3,18,19,26,29), 0.03125, 13041.098, 21.02734, 0, null],
		[ new Date(2018,3,18,19,26,28), 0.03125, 13041.091, 21.02734, 0, null],
		[ new Date(2018,3,18,19,26,27), 0.03125, 13039.812, 21.02734, 0, null],
		[ new Date(2018,3,18,19,26,26), 0.03125, 13012.457, 21.02734, 0, null],
		[ new Date(2018,3,18,19,26,25), 0.03125, 12998.511, 21.02734, 0, null],
		[ new Date(2018,3,18,19,26,24), 0.03125, 12971.035, 21.02734, 0, null],
		[ new Date(2018,3,18,19,26,23), 0.03125, 12936.717, 21.02734, 0, null],
		[ new Date(2018,3,18,19,26,22), 0.03125, 12920.858, 21.02734, 0, null],
		[ new Date(2018,3,18,19,26,21), 0.03125, 12915.527, 21.02734, 0, null],
		[ new Date(2018,3,18,19,26,20), 0.03125, 12915.539, 21.02734, 0, null],
		[ new Date(2018,3,18,19,26,19), 0.03125, 12915.535, 21.02734, 0, null],
		[ new Date(2018,3,18,19,26,18), 0.03125, 12915.522, 21.02734, 0, null],
		[ new Date(2018,3,18,19,26,17), 0.03125, 12915.402, 21.02734, 0, null],
		[ new Date(2018,3,18,19,26,16), 0.03125, 12913.012, 21.02734, 0, null],
		[ new Date(2018,3,18,19,26,15), 0.03125, 12909.929, 21.02734, 0, null],
		[ new Date(2018,3,18,19,26,14), 0.03125, 12909.57, 21.02734, 0, null],
		[ new Date(2018,3,18,19,26,13), 0.03125, 12909.34, 21.02734, 0, null],
		[ new Date(2018,3,18,19,26,12), 0.03125, 12909.344, 21.02734, 0, null],
		[ new Date(2018,3,18,19,26,11), 0.03125, 12909.34, 21.02734, 0, null],
		[ new Date(2018,3,18,19,26,10), 0.03125, 12909.332, 21.02734, 0, null],
		[ new Date(2018,3,18,19,26,9), 0.03125, 12909.316, 21.02734, 0, null],
		[ new Date(2018,3,18,19,26,8), 0.03125, 12908.739, 21.02734, 0, null],
		[ new Date(2018,3,18,19,26,7), 0.03125, 12894.82, 21.02734, 0, null],
		[ new Date(2018,3,18,19,26,6), 0.03125, 12859.205, 21.02734, 0, null],
		[ new Date(2018,3,18,19,26,5), 0.03125, 12831.245, 21.02734, 0, null],
		[ new Date(2018,3,18,19,26,4), 0.03125, 12802.484, 21.02734, 0, null],
		[ new Date(2018,3,18,19,26,3), 0.03125, 12772.742, 21.02734, 0, null],
		[ new Date(2018,3,18,19,26,2), 0.03125, 12752.711, 21.02734, 0, null],
		[ new Date(2018,3,18,19,26,1), 0.03125, 12752.707, 21.02734, 0, null],
		[ new Date(2018,3,18,19,26,0), 0.03125, 12752.707, 21.02734, 0, null],
		[ new Date(2018,3,18,19,25,59), 0.03125, 12752.683, 21.02734, 0, null],
		[ new Date(2018,3,18,19,25,58), 0.03125, 12751.09, 21.02734, 0, null],
		[ new Date(2018,3,18,19,25,57), 0.03125, 12751.082, 21.02734, 0, null],
		[ new Date(2018,3,18,19,25,56), 0.03125, 12751.082, 21.02734, 0, null],
		[ new Date(2018,3,18,19,25,55), 0.03125, 12751.057, 21.02734, 0, null],
		[ new Date(2018,3,18,19,25,54), 0.03125, 12750.935, 21.02734, 0, null],
		[ new Date(2018,3,18,19,25,53), 0.03125, 12750.015, 21.02734, 0, null],
		[ new Date(2018,3,18,19,25,52), 0.03125, 12746.145, 21.02734, 0, null],
		[ new Date(2018,3,18,19,25,51), 0.03125, 12744.129, 21.02734, 0, null],
		[ new Date(2018,3,18,19,25,50), 0.03125, 12743.523, 21.02734, 0, null],
		[ new Date(2018,3,18,19,25,49), 0.03125, 12743.518, 21.02734, 0, null],
		[ new Date(2018,3,18,19,25,48), 0.03125, 12743.434, 21.02734, 0, null],
		[ new Date(2018,3,18,19,25,47), 0.03125, 12743.429, 21.02734, 0, null],
		[ new Date(2018,3,18,19,25,46), 0.03125, 12743.414, 21.02734, 0, null],
		[ new Date(2018,3,18,19,25,45), 0.03125, 12743.376, 21.02734, 0, null],
		[ new Date(2018,3,18,19,25,44), 0.03125, 12741.963, 21.02734, 0, null],
		[ new Date(2018,3,18,19,25,43), 0.03125, 12720.473, 21.02734, 0, null],
		[ new Date(2018,3,18,19,25,42), 0.03125, 12681.719, 21.02734, 0, null],
		[ new Date(2018,3,18,19,25,41), 0.03125, 12663.909, 21.02734, 0, null],
		[ new Date(2018,3,18,19,25,40), 0.03125, 12633.359, 21.02734, 0, null],
		[ new Date(2018,3,18,19,25,39), 0.03125, 12601.787, 21.02734, 0, null],
		[ new Date(2018,3,18,19,25,38), 0.03125, 12583.984, 21.02734, 0, null],
		[ new Date(2018,3,18,19,25,37), 0.03125, 12582.727, 21.02734, 0, null],
		[ new Date(2018,3,18,19,25,36), 0.03125, 12583, 21.02734, 0, null],
		[ new Date(2018,3,18,19,25,35), 0.03125, 12583.027, 21.02734, 0, null],
		[ new Date(2018,3,18,19,25,34), 0.03125, 12583.039, 21.02734, 0, null],
		[ new Date(2018,3,18,19,25,33), 0.03125, 12583.043, 21.02734, 0, null],
		[ new Date(2018,3,18,19,25,32), 0.03125, 12582.98, 21.02734, 0, null],
		[ new Date(2018,3,18,19,25,31), 0.03125, 12582.944, 21.02734, 0, null],
		[ new Date(2018,3,18,19,25,30), 0.03125, 12582.821, 21.02734, 0, null],
		[ new Date(2018,3,18,19,25,29), 0.03125, 12580.832, 21.02734, 0, null],
		[ new Date(2018,3,18,19,25,28), 0.03125, 12578.523, 21.02734, 0, null],
		[ new Date(2018,3,18,19,25,27), 0.03125, 12576.523, 21.02734, 0, null],
		[ new Date(2018,3,18,19,25,26), 0.03125, 12576.519, 21.02734, 0, null],
		[ new Date(2018,3,18,19,25,25), 0.03125, 12576.507, 21.02734, 0, null],
		[ new Date(2018,3,18,19,25,24), 0.03125, 12576.469, 21.02734, 0, null],
		[ new Date(2018,3,18,19,25,23), 0.03125, 12576.484, 21.02734, 0, null],
		[ new Date(2018,3,18,19,25,22), 0.03125, 12575.999, 21.02734, 0, null],
		[ new Date(2018,3,18,19,25,21), 0.03125, 12573.105, 21.02734, 0, null],
		[ new Date(2018,3,18,19,25,20), 0.03125, 12546.228, 21.02734, 0, null],
		[ new Date(2018,3,18,19,25,19), 0.03125, 12517.844, 21.02734, 0, null],
		[ new Date(2018,3,18,19,25,18), 0.03125, 12501.643, 21.02734, 0, null],
		[ new Date(2018,3,18,19,25,17), 0.03125, 12471.191, 21.02734, 0, null],
		[ new Date(2018,3,18,19,25,16), 0.03125, 12436.602, 21.02734, 0, null],
		[ new Date(2018,3,18,19,25,15), 0.03125, 12413.746, 21.02734, 0, null],
		[ new Date(2018,3,18,19,25,14), 0.03125, 12404.848, 21.02734, 0, null],
		[ new Date(2018,3,18,19,25,13), 0.03125, 12404.848, 21.02734, 0, null],
		[ new Date(2018,3,18,19,25,12), 0.03125, 12405.005, 21.02734, 0, null],
		[ new Date(2018,3,18,19,25,11), 0.03125, 12416.898, 21.02734, 0, null],
		[ new Date(2018,3,18,19,25,10), 0.03125, 12416.896, 21.02734, 0, null],
		[ new Date(2018,3,18,19,25,9), 0.03125, 12416.695, 21.02734, 0, null],
		[ new Date(2018,3,18,19,25,8), 0.03125, 12378.59, 21.02734, 0, null],
		[ new Date(2018,3,18,19,25,7), 0.03125, 12378.575, 21.02734, 0, null],
		[ new Date(2018,3,18,19,25,6), 0.03125, 12382.384, 21.02734, 0, null],
		[ new Date(2018,3,18,19,25,5), 0.03125, 12718.642, 21.02734, 0, null],
		[ new Date(2018,3,18,19,25,4), 0.03125, 12717.574, 21.02734, 0, null],
		[ new Date(2018,3,18,19,25,3), 0.03125, 12716.148, 21.02734, 0, null],
		[ new Date(2018,3,18,19,25,2), 0.03125, 12706.098, 21.02734, 0, null],
		[ new Date(2018,3,18,19,25,1), 0.03125, 12706.094, 21.46484, 0.16797, null],
		[ new Date(2018,3,18,19,25,0), 0.03125, 12576.124, 21.02734, 0, null],
		[ new Date(2018,3,18,19,24,59), 0.03125, 12574.653, 21.02734, 0, null],
		[ new Date(2018,3,18,19,24,58), 0.03125, 12557.316, 21.02734, 0, null],
		[ new Date(2018,3,18,19,24,57), 0.03125, 12557.316, 21.02734, 0, null],
		[ new Date(2018,3,18,19,24,56), 0.03125, 12557.316, 21.02734, 0, null],
		[ new Date(2018,3,18,19,24,55), 0.03125, 12557.316, 21.02734, 0, null],
		[ new Date(2018,3,18,19,24,54), 0.03125, 12557.32, 21.02734, 0, null],
		[ new Date(2018,3,18,19,24,53), 0.03125, 12557.301, 21.02734, 0, null],
		[ new Date(2018,3,18,19,24,52), 0.03125, 12557.272, 21.02734, 0, null],
		[ new Date(2018,3,18,19,24,51), 0.03125, 12557.199, 21.02734, 0, null],
		[ new Date(2018,3,18,19,24,50), 0.03125, 12556.223, 21.02734, 0, null],
		[ new Date(2018,3,18,19,24,49), 0.03125, 12554.713, 21.02734, 0, null],
		[ new Date(2018,3,18,19,24,48), 0.03125, 12434.266, 21.02734, 0, null],
		[ new Date(2018,3,18,19,24,47), 0.03125, 12428.203, 21.02734, 0, null],
		[ new Date(2018,3,18,19,24,46), 0.03125, 12428.203, 21.02734, 0, null],
		[ new Date(2018,3,18,19,24,45), 0.03125, 12428.203, 21.02734, 0, null],
		[ new Date(2018,3,18,19,24,44), 0.03125, 12428.16, 21.02734, 0, null],
		[ new Date(2018,3,18,19,24,43), 0.03125, 12428.144, 21.02734, 0, null],
		[ new Date(2018,3,18,19,24,42), 0.03125, 12428.141, 21.02734, 0, null],
		[ new Date(2018,3,18,19,24,41), 0.03125, 12428.141, 21.02734, 0, null],
		[ new Date(2018,3,18,19,24,40), 0.03125, 12428.14, 21.02734, 0, null],
		[ new Date(2018,3,18,19,24,39), 0.03125, 12428.109, 21.02734, 0, null],
		[ new Date(2018,3,18,19,24,38), 0.03125, 12428.074, 21.02734, 0, null],
		[ new Date(2018,3,18,19,24,37), 0.03125, 12428.062, 21.02734, 0, null],
		[ new Date(2018,3,18,19,24,36), 0.03125, 12427.91, 21.02734, 0, null],
		[ new Date(2018,3,18,19,24,35), 0.03125, 12427.91, 21.02734, 0, null],
		[ new Date(2018,3,18,19,24,34), 0.03125, 12427.851, 21.02734, 0, null],
		[ new Date(2018,3,18,19,24,33), 0.03125, 12427.82, 21.02734, 0, null],
		[ new Date(2018,3,18,19,24,32), 0.03125, 12427.777, 21.02734, 0, null],
		[ new Date(2018,3,18,19,24,31), 0.03125, 12427.711, 21.02734, 0, null],
		[ new Date(2018,3,18,19,24,30), 0.03125, 12427.628, 21.02734, 0, null],
		[ new Date(2018,3,18,19,24,29), 0.03125, 12427.569, 21.02734, 0, null],
		[ new Date(2018,3,18,19,24,28), 0.03125, 12427.472, 21.02734, 0, null],
		[ new Date(2018,3,18,19,24,27), 0.03125, 12427.402, 21.02734, 0, null],
		[ new Date(2018,3,18,19,24,26), 0.03125, 12427.445, 21.02734, 0, null],
		[ new Date(2018,3,18,19,24,25), 0.03125, 12425.914, 21.02734, 0, null],
		[ new Date(2018,3,18,19,24,24), 0.03125, 12412.301, 21.02734, 0, null],
		[ new Date(2018,3,18,19,24,23), 0.03125, 12393.675, 21.02734, 0, null],
		[ new Date(2018,3,18,19,24,22), 0.03125, 12374.477, 21.02734, 0, null],
		[ new Date(2018,3,18,19,24,21), 0.03125, 12354.711, 21.02734, 0, null],
		[ new Date(2018,3,18,19,24,20), 0.03125, 12334.797, 21.02734, 0, null],
		[ new Date(2018,3,18,19,24,19), 0.03125, 12323.707, 21.02734, 0, null],
		[ new Date(2018,3,18,19,24,18), 0.03125, 12307.479, 21.02734, 0, null],
		[ new Date(2018,3,18,19,24,17), 0.03125, 12301.441, 21.02734, 0, null],
		[ new Date(2018,3,18,19,24,16), 0.03125, 12298.252, 21.02734, 0, null],
		[ new Date(2018,3,18,19,24,15), 0.03125, 12297.191, 21.02734, 0, null],
		[ new Date(2018,3,18,19,24,14), 0.03125, 12240.797, 21.02734, 0, null],
		[ new Date(2018,3,18,19,24,13), 0.03125, 12240.797, 21.02734, 0, null],
		[ new Date(2018,3,18,19,24,12), 0.03125, 12240.797, 21.02734, 0, null],
		[ new Date(2018,3,18,19,24,11), 0.03125, 12240.793, 21.02734, 0, null],
		[ new Date(2018,3,18,19,24,10), 0.03125, 12240.65, 21.02734, 0, null],
		[ new Date(2018,3,18,19,24,9), 0.03125, 12228.793, 21.02734, 0, null],
		[ new Date(2018,3,18,19,24,8), 0.03125, 12228.793, 21.02734, 0, null],
		[ new Date(2018,3,18,19,24,7), 0.03125, 12228.789, 21.02734, 0, null],
		[ new Date(2018,3,18,19,24,6), 0.03125, 12228.765, 21.02734, 0, null],
		[ new Date(2018,3,18,19,24,5), 0.03125, 12228.742, 21.02734, 0, null],
		[ new Date(2018,3,18,19,24,4), 0.03125, 12228.742, 21.02734, 0, null],
		[ new Date(2018,3,18,19,24,3), 0.03125, 12228.706, 21.02734, 0, null],
		[ new Date(2018,3,18,19,24,2), 0.03125, 12228.641, 21.02734, 0, null],
		[ new Date(2018,3,18,19,24,1), 0.03125, 12228.508, 21.02734, 0, null],
		[ new Date(2018,3,18,19,24,0), 0.03125, 12228.379, 21.02734, 0, null],
		[ new Date(2018,3,18,19,23,59), 0.03125, 12228.347, 21.02734, 0, null],
		[ new Date(2018,3,18,19,23,58), 0.03125, 12228.301, 21.02734, 0, null],
		[ new Date(2018,3,18,19,23,57), 0.03125, 12228.299, 21.02734, 0, null],
		[ new Date(2018,3,18,19,23,56), 0.03125, 12228.141, 21.02734, 0, null],
		[ new Date(2018,3,18,19,23,55), 0.03125, 12227.772, 21.02734, 0, null],
		[ new Date(2018,3,18,19,23,54), 0.03125, 12227.31, 21.02734, 0, null],
		[ new Date(2018,3,18,19,23,53), 0.03125, 12225.561, 21.02734, 0, null],
		[ new Date(2018,3,18,19,23,52), 0.03125, 12223.215, 21.02734, 0, null],
		[ new Date(2018,3,18,19,23,51), 0.03125, 12222.31, 21.02734, 0, null],
		[ new Date(2018,3,18,19,23,50), 0.03125, 12222.137, 21.02734, 0, null],
		[ new Date(2018,3,18,19,23,49), 0.03125, 12221.66, 21.02734, 0, null],
		[ new Date(2018,3,18,19,23,48), 0.03125, 12221.66, 21.02734, 0, null],
		[ new Date(2018,3,18,19,23,47), 0.03125, 12221.648, 21.02734, 0, null],
		[ new Date(2018,3,18,19,23,46), 0.03125, 12221.574, 21.02734, 0, null],
		[ new Date(2018,3,18,19,23,45), 0.03125, 12221.514, 21.02734, 0, null],
		[ new Date(2018,3,18,19,23,44), 0.03125, 12216.26, 21.02734, 0, null],
		[ new Date(2018,3,18,19,23,43), 0.03125, 12201.581, 21.02734, 0, null],
		[ new Date(2018,3,18,19,23,42), 0.03125, 12188.56, 21.02734, 0, null],
		[ new Date(2018,3,18,19,23,41), 0.03125, 12171.312, 21.02734, 0, null],
		[ new Date(2018,3,18,19,23,40), 0.03125, 12153.215, 21.02734, 0, null],
		[ new Date(2018,3,18,19,23,39), 0.03125, 12139.773, 21.02734, 0, null],
		[ new Date(2018,3,18,19,23,38), 0.03125, 12122.223, 21.02734, 0, null],
		[ new Date(2018,3,18,19,23,37), 0.03125, 12104.031, 21.02734, 0, null],
		[ new Date(2018,3,18,19,23,36), 0.03125, 12089.479, 21.02734, 0, null],
		[ new Date(2018,3,18,19,23,35), 0.03125, 12075.578, 21.02734, 0, null],
		[ new Date(2018,3,18,19,23,34), 0.03125, 12059.391, 21.02734, 0, null],
		[ new Date(2018,3,18,19,23,33), 0.03125, 12052.207, 21.02734, 0, null],
		[ new Date(2018,3,18,19,23,32), 0.03125, 12046.379, 21.02734, 0, null],
		[ new Date(2018,3,18,19,23,31), 0.03125, 12046.371, 21.02734, 0, null],
		[ new Date(2018,3,18,19,23,30), 0.03125, 12046.371, 21.02734, 0, null],
		[ new Date(2018,3,18,19,23,29), 0.03125, 12046.371, 21.02734, 0, null],
		[ new Date(2018,3,18,19,23,28), 0.03125, 12046.371, 21.02734, 0, null],
		[ new Date(2018,3,18,19,23,27), 0.03125, 12046.426, 21.02734, 0, null],
		[ new Date(2018,3,18,19,23,26), 0.03125, 12046.422, 21.02734, 0, null],
		[ new Date(2018,3,18,19,23,25), 0.03125, 12046.422, 21.02734, 0, null],
		[ new Date(2018,3,18,19,23,24), 0.03125, 12046.426, 21.02734, 0, null],
		[ new Date(2018,3,18,19,23,23), 0.03125, 12046.426, 21.02734, 0, null],
		[ new Date(2018,3,18,19,23,22), 0.03125, 12046.421, 21.02734, 0, null],
		[ new Date(2018,3,18,19,23,21), 0.03125, 12046.379, 21.02734, 0, null],
		[ new Date(2018,3,18,19,23,20), 0.03125, 11909.593, 21.02734, 0, null],
		[ new Date(2018,3,18,19,23,19), 0.03125, 11909.541, 21.02734, 0, null],
		[ new Date(2018,3,18,19,23,18), 0.03125, 11909.422, 21.02734, 0, null],
		[ new Date(2018,3,18,19,23,17), 0.03125, 11909.2, 21.02734, 0, null],
		[ new Date(2018,3,18,19,23,16), 0.03125, 11908.973, 21.02734, 0, null],
		[ new Date(2018,3,18,19,23,15), 0.03125, 11908.738, 21.02734, 0, null],
		[ new Date(2018,3,18,19,23,14), 0.03125, 11908.621, 21.02734, 0, null],
		[ new Date(2018,3,18,19,23,13), 0.03125, 11908.396, 21.02734, 0, null],
		[ new Date(2018,3,18,19,23,12), 0.03125, 11907.898, 21.02734, 0, null],
		[ new Date(2018,3,18,19,23,11), 0.03125, 11905.522, 21.02734, 0, null],
		[ new Date(2018,3,18,19,23,10), 0.03125, 11904.035, 21.02734, 0, null],
		[ new Date(2018,3,18,19,23,9), 0.03125, 11901.789, 21.02734, 0, null],
		[ new Date(2018,3,18,19,23,8), 0.03125, 11900.633, 21.02734, 0, null],
		[ new Date(2018,3,18,19,23,7), 0.03125, 11900.13, 21.02734, 0, null],
		[ new Date(2018,3,18,19,23,6), 0.03125, 11900.256, 21.02734, 0, null],
		[ new Date(2018,3,18,19,23,5), 0.03125, 11902.141, 21.02734, 0, null],
		[ new Date(2018,3,18,19,23,4), 0.03125, 11899.922, 21.02734, 0, null],
		[ new Date(2018,3,18,19,23,3), 0.03125, 11899.734, 21.02734, 0, null],
		[ new Date(2018,3,18,19,23,2), 0.03125, 11899.691, 21.02734, 0, null],
		[ new Date(2018,3,18,19,23,1), 0.03125, 11896.836, 21.02734, 0, null],
		[ new Date(2018,3,18,19,23,0), 0.03125, 11872.582, 21.02734, 0, null],
		[ new Date(2018,3,18,19,22,59), 0.03125, 11831.702, 21.02734, 0, null],
		[ new Date(2018,3,18,19,22,58), 0.03125, 11780.289, 21.02734, 0, null],
		[ new Date(2018,3,18,19,22,57), 0.03125, 11706.926, 21.02734, 0, null],
		[ new Date(2018,3,18,19,22,56), 0.03125, 11625.197, 21.02734, 0, null],
		[ new Date(2018,3,18,19,22,55), 0.03125, 11488.465, 21.02734, 0, null],
		[ new Date(2018,3,18,19,22,54), 0.03125, 11303.664, 21.02734, 0, null],
		[ new Date(2018,3,18,19,22,53), 0.03125, 14127.871, 21.02734, 0, null],
		[ new Date(2018,3,18,19,22,52), 0.03125, 14099.346, 21.02734, 0, null],
		[ new Date(2018,3,18,19,22,51), 0.03125, 14083.341, 21.02734, 0, null],
		[ new Date(2018,3,18,19,22,50), 0.03125, 14076.229, 21.02734, 0, null],
		[ new Date(2018,3,18,19,22,49), 0.03125, 14064.521, 21.02734, 0, null],
		[ new Date(2018,3,18,19,22,48), 0.03125, 14047.355, 21.02734, 0, null],
		[ new Date(2018,3,18,19,22,47), 0.03125, 14036.797, 21.02734, 0, null],
		[ new Date(2018,3,18,19,22,46), 0.03125, 14035.055, 21.02734, 0, null],
		[ new Date(2018,3,18,19,22,45), 0.03125, 14035.012, 21.02734, 0, null],
		[ new Date(2018,3,18,19,22,44), 0.03125, 14035.008, 21.02734, 0, null],
		[ new Date(2018,3,18,19,22,43), 0.03125, 14034.996, 21.02734, 0, null],
		[ new Date(2018,3,18,19,22,42), 0.03125, 14035.027, 21.02734, 0, null],
		[ new Date(2018,3,18,19,22,41), 0.03125, 14035.004, 21.02734, 0, null],
		[ new Date(2018,3,18,19,22,40), 0.03125, 14035.004, 21.02734, 0, null],
		[ new Date(2018,3,18,19,22,39), 0.03125, 14035.004, 21.02734, 0, null],
		[ new Date(2018,3,18,19,22,38), 0.03125, 14035.004, 21.02734, 0, null],
		[ new Date(2018,3,18,19,22,37), 0.03125, 14034.964, 21.02734, 0, null],
		[ new Date(2018,3,18,19,22,36), 0.03125, 14033.113, 21.02734, 0, null],
		[ new Date(2018,3,18,19,22,35), 0.03125, 14033.113, 21.02734, 0, null],
		[ new Date(2018,3,18,19,22,34), 0.03125, 14033.023, 21.02734, 0, null],
		[ new Date(2018,3,18,19,22,33), 0.03125, 14032.683, 21.02734, 0, null],
		[ new Date(2018,3,18,19,22,32), 0.03125, 14032.676, 21.02734, 0, null],
		[ new Date(2018,3,18,19,22,31), 0.03125, 14032.661, 21.02734, 0, null],
		[ new Date(2018,3,18,19,22,30), 0.03125, 14032.405, 21.02734, 0, null],
		[ new Date(2018,3,18,19,22,29), 0.03125, 14032.039, 21.02734, 0, null],
		[ new Date(2018,3,18,19,22,28), 0.03125, 14031.809, 21.02734, 0, null],
		[ new Date(2018,3,18,19,22,27), 0.03125, 14030.797, 21.02734, 0, null],
		[ new Date(2018,3,18,19,22,26), 0.03125, 14030.793, 21.02734, 0, null],
		[ new Date(2018,3,18,19,22,25), 0.03125, 14030.781, 21.02734, 0, null],
		[ new Date(2018,3,18,19,22,24), 0.03125, 14030.933, 21.02734, 0, null],
		[ new Date(2018,3,18,19,22,23), 0.03125, 14043.098, 21.02734, 0, null],
		[ new Date(2018,3,18,19,22,22), 0.03125, 13827.281, 21.02734, 0, null],
		[ new Date(2018,3,18,19,22,21), 0.03125, 13602.548, 21.02734, 0, null],
		[ new Date(2018,3,18,19,22,20), 0.03125, 13576.098, 21.02734, 0, null],
		[ new Date(2018,3,18,19,22,19), 0.03125, 13548.217, 21.02734, 0, null],
		[ new Date(2018,3,18,19,22,18), 0.03125, 13513.647, 21.02734, 0, null],
		[ new Date(2018,3,18,19,22,17), 0.03125, 13480.94, 21.02734, 0, null],
		[ new Date(2018,3,18,19,22,16), 0.03125, 13450.362, 21.02734, 0, null],
		[ new Date(2018,3,18,19,22,15), 0.03125, 13424.148, 21.02734, 0, null],
		[ new Date(2018,3,18,19,22,14), 0.03125, 13382.5, 21.02734, 0, null],
		[ new Date(2018,3,18,19,22,13), 0.03125, 13340.992, 21.02734, 0, null],
		[ new Date(2018,3,18,19,22,12), 0.03125, 13296.273, 21.02734, 0, null],
		[ new Date(2018,3,18,19,22,11), 0.03125, 13254.626, 21.02734, 0, null],
		[ new Date(2018,3,18,19,22,10), 0.03125, 13213.488, 21.02734, 0, null],
		[ new Date(2018,3,18,19,22,9), 0.03125, 10389.737, 21.02734, 0, null],
		[ new Date(2018,3,18,19,22,8), 0.03125, 10372.438, 21.02734, 0, null],
		[ new Date(2018,3,18,19,22,7), 0.03125, 10367.215, 21.02734, 0, null],
		[ new Date(2018,3,18,19,22,6), 0.03125, 10367.211, 21.02734, 0, null],
		[ new Date(2018,3,18,19,22,5), 0.03125, 10363.776, 21.02734, 0, null],
		[ new Date(2018,3,18,19,22,4), 0.03125, 10118.262, 21.02734, 0, null],
		[ new Date(2018,3,18,19,22,3), 0.03125, 10118.167, 21.02734, 0, null],
		[ new Date(2018,3,18,19,22,2), 0.03125, 10118.078, 21.02734, 0, null],
		[ new Date(2018,3,18,19,22,1), 0.03125, 10118.078, 21.02734, 0, null],
		[ new Date(2018,3,18,19,22,0), 0.03125, 10118.078, 21.02734, 0, null],
		[ new Date(2018,3,18,19,21,59), 0.03125, 10118.071, 21.02734, 0, null],
		[ new Date(2018,3,18,19,21,58), 0.03125, 10117.819, 21.02734, 0, null],
		[ new Date(2018,3,18,19,21,57), 0.03125, 10115.766, 21.02734, 0, null],
		[ new Date(2018,3,18,19,21,56), 0.03125, 10116.333, 21.02734, 0, null],
		[ new Date(2018,3,18,19,21,55), 0.03125, 10115.708, 21.02734, 0, null],
		[ new Date(2018,3,18,19,21,54), 0.03125, 10115.117, 21.02734, 0, null],
		[ new Date(2018,3,18,19,21,53), 0.03125, 10114.648, 21.02734, 0, null],
		[ new Date(2018,3,18,19,21,52), 0.03125, 10114.539, 21.02734, 0, null],
		[ new Date(2018,3,18,19,21,51), 0.03125, 10114.52, 21.02734, 0, null],
		[ new Date(2018,3,18,19,21,50), 0.03125, 10114.169, 21.02734, 0, null],
		[ new Date(2018,3,18,19,21,49), 0.03125, 10113.255, 21.02734, 0, null],
		[ new Date(2018,3,18,19,21,48), 0.03125, 10110.839, 21.02734, 0, null],
		[ new Date(2018,3,18,19,21,47), 0.03125, 10108.402, 21.02734, 0, null],
		[ new Date(2018,3,18,19,21,46), 0.03125, 10106.602, 21.02734, 0, null],
		[ new Date(2018,3,18,19,21,45), 0.03125, 10105.465, 21.02734, 0, null],
		[ new Date(2018,3,18,19,21,44), 0.03125, 10105.465, 21.02734, 0, null],
		[ new Date(2018,3,18,19,21,43), 0.03125, 10105.496, 21.02734, 0, null],
		[ new Date(2018,3,18,19,21,42), 0.03125, 10105.496, 21.02734, 0, null],
		[ new Date(2018,3,18,19,21,41), 0.03125, 10105.491, 21.02734, 0, null],
		[ new Date(2018,3,18,19,21,40), 0.03125, 10105.387, 21.02734, 0, null],
		[ new Date(2018,3,18,19,21,39), 0.03125, 10103.471, 21.02734, 0, null],
		[ new Date(2018,3,18,19,21,38), 0.03125, 10102.445, 21.02734, 0, null],
		[ new Date(2018,3,18,19,21,37), 0.03125, 10081.364, 21.02734, 0, null],
		[ new Date(2018,3,18,19,21,36), 0.03125, 10054.926, 21.02734, 0, null],
		[ new Date(2018,3,18,19,21,35), 0.03125, 10027.617, 21.02734, 0, null],
		[ new Date(2018,3,18,19,21,34), 0.03125, 10004.684, 21.02734, 0, null],
		[ new Date(2018,3,18,19,21,33), 0.03125, 9972.191, 21.02734, 0, null],
		[ new Date(2018,3,18,19,21,32), 0.03125, 9943.42, 21.02734, 0, null],
		[ new Date(2018,3,18,19,21,31), 0.03125, 9919.321, 21.02734, 0, null],
		[ new Date(2018,3,18,19,21,30), 0.03125, 9889.773, 21.02734, 0, null],
		[ new Date(2018,3,18,19,21,29), 0.03125, 9863.535, 21.02734, 0, null],
		[ new Date(2018,3,18,19,21,28), 0.03125, 9831.395, 21.02734, 0, null],
		[ new Date(2018,3,18,19,21,27), 0.03125, 9803.435, 21.02734, 0, null],
		[ new Date(2018,3,18,19,21,26), 0.03125, 9771.426, 21.02734, 0, null],
		[ new Date(2018,3,18,19,21,25), 0.03125, 9741.875, 21.02734, 0, null],
		[ new Date(2018,3,18,19,21,24), 0.03125, 9714.758, 21.02734, 0, null],
		[ new Date(2018,3,18,19,21,23), 0.03125, 9706.066, 21.02734, 0, null],
		[ new Date(2018,3,18,19,21,22), 0.03125, 9706.003, 21.02734, 0, null],
		[ new Date(2018,3,18,19,21,21), 0.03125, 9705.965, 21.02734, 0, null],
		[ new Date(2018,3,18,19,21,20), 0.03125, 10045.301, 21.02734, 0, null],
		[ new Date(2018,3,18,19,21,19), 0.03125, 10045.363, 21.02734, 0, null],
		[ new Date(2018,3,18,19,21,18), 0.03125, 10045.359, 21.02734, 0, null],
		[ new Date(2018,3,18,19,21,17), 0.03125, 10045.363, 21.02734, 0, null],
		[ new Date(2018,3,18,19,21,16), 0.03125, 10045.359, 21.02734, 0, null],
		[ new Date(2018,3,18,19,21,15), 0.03125, 10045.363, 21.02734, 0, null],
		[ new Date(2018,3,18,19,21,14), 0.03125, 10045.363, 21.02734, 0, null],
		[ new Date(2018,3,18,19,21,13), 0.03125, 10044.965, 21.02734, 0, null],
		[ new Date(2018,3,18,19,21,12), 0.03125, 10044.568, 21.02734, 0, null],
		[ new Date(2018,3,18,19,21,11), 0.03125, 10044.367, 21.02734, 0, null],
		[ new Date(2018,3,18,19,21,10), 0.03125, 10044.227, 21.02734, 0, null],
		[ new Date(2018,3,18,19,21,9), 0.03125, 10044.176, 21.02734, 0, null],
		[ new Date(2018,3,18,19,21,8), 0.03125, 10044.176, 21.02734, 0, null],
		[ new Date(2018,3,18,19,21,7), 0.03125, 10043.742, 21.02734, 0, null],
		[ new Date(2018,3,18,19,21,6), 0.03125, 10042.192, 21.02734, 0, null],
		[ new Date(2018,3,18,19,21,5), 0.03125, 10038.575, 21.02734, 0, null],
		[ new Date(2018,3,18,19,21,4), 0.03125, 10035.332, 21.02734, 0, null],
		[ new Date(2018,3,18,19,21,3), 0.03125, 10034.281, 21.02734, 0, null],
		[ new Date(2018,3,18,19,21,2), 0.03125, 10033.294, 21.02734, 0, null],
		[ new Date(2018,3,18,19,21,1), 0.03125, 10033.379, 21.02734, 0, null],
		[ new Date(2018,3,18,19,21,0), 0.03125, 10033.348, 21.02734, 0, null],
		[ new Date(2018,3,18,19,20,59), 0.03125, 10033.344, 21.02734, 0, null],
		[ new Date(2018,3,18,19,20,58), 0.03125, 10033.34, 21.02734, 0, null],
		[ new Date(2018,3,18,19,20,57), 0.03125, 10033.375, 21.02734, 0, null],
		[ new Date(2018,3,18,19,20,56), 0.03125, 10033.312, 21.02734, 0, null],
		[ new Date(2018,3,18,19,20,55), 0.03125, 10029.395, 21.02734, 0, null],
		[ new Date(2018,3,18,19,20,54), 0.03125, 10020.547, 21.02734, 0, null],
		[ new Date(2018,3,18,19,20,53), 0.03125, 10004.406, 21.02734, 0, null],
		[ new Date(2018,3,18,19,20,52), 0.03125, 9983.223, 21.02734, 0, null],
		[ new Date(2018,3,18,19,20,51), 0.03125, 9949.602, 21.02734, 0, null],
		[ new Date(2018,3,18,19,20,50), 0.03125, 9923.176, 21.02734, 0, null],
		[ new Date(2018,3,18,19,20,49), 0.03125, 9906.02, 21.02734, 0, null],
		[ new Date(2018,3,18,19,20,48), 0.03125, 9902.601, 21.02734, 0, null],
		[ new Date(2018,3,18,19,20,47), 0.03125, 9897.447, 21.02734, 0, null],
		[ new Date(2018,3,18,19,20,46), 0.03125, 9891.344, 21.02734, 0, null],
		[ new Date(2018,3,18,19,20,45), 0.03125, 9866.695, 21.02734, 0, null],
		[ new Date(2018,3,18,19,20,44), 0.03125, 9839.852, 21.02734, 0, null],
		[ new Date(2018,3,18,19,20,43), 0.03125, 9802.238, 21.02734, 0, null],
		[ new Date(2018,3,18,19,20,42), 0.03125, 9768.588, 21.02734, 0, null],
		[ new Date(2018,3,18,19,20,41), 0.03125, 9734.601, 21.02734, 0, null],
		[ new Date(2018,3,18,19,20,40), 0.03125, 9714.094, 21.02734, 0, null],
		[ new Date(2018,3,18,19,20,39), 0.03125, 9696.362, 21.02734, 0, null],
		[ new Date(2018,3,18,19,20,38), 0.03125, 9667.619, 21.02734, 0, null],
		[ new Date(2018,3,18,19,20,37), 0.03125, 9659.136, 21.02734, 0, null],
		[ new Date(2018,3,18,19,20,36), 0.03125, 9655.041, 21.02734, 0, null],
		[ new Date(2018,3,18,19,20,35), 0.03125, 9468.383, 21.02734, 0, null],
		[ new Date(2018,3,18,19,20,34), 0.03125, 9466.105, 21.02734, 0, null],
		[ new Date(2018,3,18,19,20,33), 0.03125, 9466.104, 21.02734, 0, null],
		[ new Date(2018,3,18,19,20,32), 0.03125, 9466.104, 21.02734, 0, null],
		[ new Date(2018,3,18,19,20,31), 0.03125, 9470.445, 21.02734, 0, null],
		[ new Date(2018,3,18,19,20,30), 0.03125, 9468.016, 21.02734, 0, null],
		[ new Date(2018,3,18,19,20,29), 0.03125, 9467.984, 21.02734, 0, null],
		[ new Date(2018,3,18,19,20,28), 0.03125, 9467.923, 21.02734, 0, null],
		[ new Date(2018,3,18,19,20,27), 0.03125, 9467.666, 21.02734, 0, null],
		[ new Date(2018,3,18,19,20,26), 0.03125, 9467.485, 21.02734, 0, null],
		[ new Date(2018,3,18,19,20,25), 0.03125, 9467.18, 21.02734, 0, null],
		[ new Date(2018,3,18,19,20,24), 0.03125, 9466.344, 21.02734, 0, null],
		[ new Date(2018,3,18,19,20,23), 0.03125, 9462.698, 21.02734, 0, null],
		[ new Date(2018,3,18,19,20,22), 0.03125, 9458.875, 21.02734, 0, null],
		[ new Date(2018,3,18,19,20,21), 0.03125, 9457.999, 21.02734, 0, null],
		[ new Date(2018,3,18,19,20,20), 0.03125, 9456.707, 21.02734, 0, null],
		[ new Date(2018,3,18,19,20,19), 0.03125, 9456.23, 21.02734, 0, null],
		[ new Date(2018,3,18,19,20,18), 0.03125, 9456.23, 21.02734, 0, null],
		[ new Date(2018,3,18,19,20,17), 0.03125, 9456.23, 21.02734, 0, null],
		[ new Date(2018,3,18,19,20,16), 0.03125, 9465.254, 21.02734, 0, null],
		[ new Date(2018,3,18,19,20,15), 0.03125, 9465.254, 21.02734, 0, null],
		[ new Date(2018,3,18,19,20,14), 0.03125, 9465.25, 21.02734, 0, null],
		[ new Date(2018,3,18,19,20,13), 0.03125, 9465.227, 21.02734, 0, null],
		[ new Date(2018,3,18,19,20,12), 0.03125, 9463.781, 21.02734, 0, null],
		[ new Date(2018,3,18,19,20,11), 0.03125, 9461.051, 21.02734, 0, null],
		[ new Date(2018,3,18,19,20,10), 0.03125, 9446.66, 21.02734, 0, null],
		[ new Date(2018,3,18,19,20,9), 0.03125, 9425.795, 21.02734, 0, null],
		[ new Date(2018,3,18,19,20,8), 0.03125, 9405.947, 21.02734, 0, null],
		[ new Date(2018,3,18,19,20,7), 0.03125, 9386.949, 21.02734, 0, null],
		[ new Date(2018,3,18,19,20,6), 0.03125, 9386.945, 21.02734, 0, null],
		[ new Date(2018,3,18,19,20,5), 0.03125, 9386.941, 21.02734, 0, null],
		[ new Date(2018,3,18,19,20,4), 0.03125, 9386.941, 21.02734, 0, null],
		[ new Date(2018,3,18,19,20,3), 0.03125, 9385.729, 21.02734, 0, null],
		[ new Date(2018,3,18,19,20,2), 0.03125, 9384.638, 21.02734, 0, null],
		[ new Date(2018,3,18,19,20,1), 0.03125, 9382.718, 21.02734, 0, null],
		[ new Date(2018,3,18,19,20,0), 0.03125, 9364.194, 21.02734, 0, null],
		[ new Date(2018,3,18,19,19,59), 0.03125, 9345.844, 21.02734, 0, null],
		[ new Date(2018,3,18,19,19,58), 0.03125, 9325.43, 21.02734, 0, null],
		[ new Date(2018,3,18,19,19,57), 0.03125, 9302.279, 21.02734, 0, null],
		[ new Date(2018,3,18,19,19,56), 0.03125, 9280.055, 21.02734, 0, null],
		[ new Date(2018,3,18,19,19,55), 0.03125, 9259.595, 21.02734, 0, null],
		[ new Date(2018,3,18,19,19,54), 0.03125, 9248.453, 21.02734, 0, null],
		[ new Date(2018,3,18,19,19,53), 0.03125, 9251.82, 21.02734, 0, null],
		[ new Date(2018,3,18,19,19,52), 0.03125, 9251.816, 21.02734, 0, null],
		[ new Date(2018,3,18,19,19,51), 0.03125, 9251.82, 21.02734, 0, null],
		[ new Date(2018,3,18,19,19,50), 0.03125, 9249.55, 21.02734, 0, null],
		[ new Date(2018,3,18,19,19,49), 0.03125, 9074.777, 21.02734, 0, null],
		[ new Date(2018,3,18,19,19,48), 0.03125, 9073.992, 21.02734, 0, null],
		[ new Date(2018,3,18,19,19,47), 0.03125, 9073.992, 21.02734, 0, null],
		[ new Date(2018,3,18,19,19,46), 0.03125, 9073.972, 21.02734, 0, null],
		[ new Date(2018,3,18,19,19,45), 0.03125, 9073.34, 21.02734, 0, null],
		[ new Date(2018,3,18,19,19,44), 0.03125, 9071.363, 21.02734, 0, null],
		[ new Date(2018,3,18,19,19,43), 0.03125, 9071.203, 21.02734, 0, null],
		[ new Date(2018,3,18,19,19,42), 0.03125, 9071.199, 21.02734, 0, null],
		[ new Date(2018,3,18,19,19,41), 0.03125, 9071.215, 21.02734, 0, null],
		[ new Date(2018,3,18,19,19,40), 0.03125, 9071.176, 21.02734, 0, null],
		[ new Date(2018,3,18,19,19,39), 0.03125, 9070.884, 21.02734, 0, null],
		[ new Date(2018,3,18,19,19,38), 0.03125, 9070.637, 21.02734, 0, null],
		[ new Date(2018,3,18,19,19,37), 0.03125, 9069.044, 21.02734, 0, null],
		[ new Date(2018,3,18,19,19,36), 0.03125, 9066.535, 21.02734, 0, null],
		[ new Date(2018,3,18,19,19,35), 0.03125, 9061.062, 21.02734, 0, null],
		[ new Date(2018,3,18,19,19,34), 0.03125, 9057.758, 21.02734, 0, null],
		[ new Date(2018,3,18,19,19,33), 0.03125, 9057.462, 21.02734, 0, null],
		[ new Date(2018,3,18,19,19,32), 0.03125, 9057.16, 21.02734, 0, null],
		[ new Date(2018,3,18,19,19,31), 0.03125, 9054.938, 21.02734, 0, null],
		[ new Date(2018,3,18,19,19,30), 0.03125, 9052.652, 21.02734, 0, null],
		[ new Date(2018,3,18,19,19,29), 0.03125, 9052.656, 21.02734, 0, null],
		[ new Date(2018,3,18,19,19,28), 0.03125, 9053.52, 21.02734, 0, null],
		[ new Date(2018,3,18,19,19,27), 0.03125, 9042.734, 21.02734, 0, null],
		[ new Date(2018,3,18,19,19,26), 0.03125, 8787.234, 21.02734, 0, null],
		[ new Date(2018,3,18,19,19,25), 0.03125, 8765.621, 21.02734, 0, null],
		[ new Date(2018,3,18,19,19,24), 0.03125, 8732.84, 21.02734, 0, null],
		[ new Date(2018,3,18,19,19,23), 0.03125, 8707.002, 21.02734, 0, null],
		[ new Date(2018,3,18,19,19,22), 0.03125, 8682.734, 21.02734, 0, null],
		[ new Date(2018,3,18,19,19,21), 0.03125, 8648.875, 21.02734, 0, null],
		[ new Date(2018,3,18,19,19,20), 0.03125, 8619.316, 21.02734, 0, null],
		[ new Date(2018,3,18,19,19,19), 0.03125, 8584.379, 21.02734, 0, null],
		[ new Date(2018,3,18,19,19,18), 0.03125, 8553.969, 21.02734, 0, null],
		[ new Date(2018,3,18,19,19,17), 0.03125, 8523.201, 21.02734, 0, null],
		[ new Date(2018,3,18,19,19,16), 0.03125, 8494.316, 21.02734, 0, null],
		[ new Date(2018,3,18,19,19,15), 0.03125, 8483.731, 21.02734, 0, null],
		[ new Date(2018,3,18,19,19,14), 0.03125, 8483.762, 21.02734, 0, null],
		[ new Date(2018,3,18,19,19,13), 0.03125, 8481.456, 21.02734, 0, null],
		[ new Date(2018,3,18,19,19,12), 0.03125, 8301.805, 21.02734, 0, null],
		[ new Date(2018,3,18,19,19,11), 0.03125, 8180.234, 21.02734, 0, null],
		[ new Date(2018,3,18,19,19,10), 0.03125, 8179.469, 21.02734, 0, null],
		[ new Date(2018,3,18,19,19,9), 0.03125, 8179.469, 21.02734, 0, null],
		[ new Date(2018,3,18,19,19,8), 0.03125, 8179.434, 21.02734, 0, null],
		[ new Date(2018,3,18,19,19,7), 0.03125, 8174.931, 21.02734, 0, null],
		[ new Date(2018,3,18,19,19,6), 0.03125, 8074.176, 21.02734, 0, null],
		[ new Date(2018,3,18,19,19,5), 0.03125, 8074.223, 21.02734, 0, null],
		[ new Date(2018,3,18,19,19,4), 0.03125, 8074.218, 21.02734, 0, null],
		[ new Date(2018,3,18,19,19,3), 0.03125, 8074.153, 21.02734, 0, null],
		[ new Date(2018,3,18,19,19,2), 0.03125, 8072.125, 21.02734, 0, null],
		[ new Date(2018,3,18,19,19,1), 0.03125, 8068.092, 21.02734, 0, null],
		[ new Date(2018,3,18,19,19,0), 0.03125, 8067.215, 21.02734, 0, null],
		[ new Date(2018,3,18,19,18,59), 0.03125, 8064.965, 21.02734, 0, null],
		[ new Date(2018,3,18,19,18,58), 0.03125, 8064.965, 21.02734, 0, null],
		[ new Date(2018,3,18,19,18,57), 0.03125, 8065.004, 21.02734, 0, null],
		[ new Date(2018,3,18,19,18,56), 0.03125, 8065.043, 21.02734, 0, null],
		[ new Date(2018,3,18,19,18,55), 0.03125, 8063.848, 21.02734, 0, null],
		[ new Date(2018,3,18,19,18,54), 0.03125, 8063.701, 21.02734, 0, null],
		[ new Date(2018,3,18,19,18,53), 0.03125, 8059.948, 21.02734, 0, null],
		[ new Date(2018,3,18,19,18,52), 0.03125, 8052.703, 21.02734, 0, null],
		[ new Date(2018,3,18,19,18,51), 0.03125, 8028.127, 21.02734, 0, null],
		[ new Date(2018,3,18,19,18,50), 0.03125, 7995.617, 21.02734, 0, null],
		[ new Date(2018,3,18,19,18,49), 0.03125, 7961.543, 21.02734, 0, null],
		[ new Date(2018,3,18,19,18,48), 0.03125, 7936.625, 21.02734, 0, null],
		[ new Date(2018,3,18,19,18,47), 0.03125, 7918.059, 21.02734, 0, null],
		[ new Date(2018,3,18,19,18,46), 0.03125, 7891.466, 21.02734, 0, null],
		[ new Date(2018,3,18,19,18,45), 0.03125, 7870.152, 21.02734, 0, null],
		[ new Date(2018,3,18,19,18,44), 0.03125, 7868.075, 21.02734, 0, null],
		[ new Date(2018,3,18,19,18,43), 0.03125, 7862.371, 21.02734, 0, null],
		[ new Date(2018,3,18,19,18,42), 0.03125, 7858.625, 21.02734, 0, null],
		[ new Date(2018,3,18,19,18,41), 0.03125, 7858.629, 21.02734, 0, null],
		[ new Date(2018,3,18,19,18,40), 0.03125, 7857.608, 21.02734, 0, null],
		[ new Date(2018,3,18,19,18,39), 0.03125, 7779.793, 21.02734, 0, null],
		[ new Date(2018,3,18,19,18,38), 0.03125, 7816.634, 21.02734, 0, null],
		[ new Date(2018,3,18,19,18,37), 0.03125, 7816.43, 21.02734, 0, null],
		[ new Date(2018,3,18,19,18,36), 0.03125, 7816.43, 21.02734, 0, null],
		[ new Date(2018,3,18,19,18,35), 0.03125, 7809.63, 21.02734, 0, null],
		[ new Date(2018,3,18,19,18,34), 0.03125, 7577.422, 21.02734, 0, null],
		[ new Date(2018,3,18,19,18,33), 0.03125, 7577.379, 21.02734, 0, null],
		[ new Date(2018,3,18,19,18,32), 0.03125, 7577.113, 21.02734, 0, null],
		[ new Date(2018,3,18,19,18,31), 0.03125, 7576.798, 21.02734, 0, null],
		[ new Date(2018,3,18,19,18,30), 0.03125, 7574.433, 21.02734, 0, null],
		[ new Date(2018,3,18,19,18,29), 0.03125, 7572.453, 21.02734, 0, null],
		[ new Date(2018,3,18,19,18,28), 0.03125, 7568.787, 21.02734, 0, null],
		[ new Date(2018,3,18,19,18,27), 0.03125, 7567.973, 21.02734, 0, null],
		[ new Date(2018,3,18,19,18,26), 0.03125, 7567.398, 21.02734, 0, null],
		[ new Date(2018,3,18,19,18,25), 0.03125, 7567.402, 21.02734, 0, null],
		[ new Date(2018,3,18,19,18,24), 0.03125, 7561.406, 21.02734, 0, null],
		[ new Date(2018,3,18,19,18,23), 0.03125, 7560.367, 21.02734, 0, null],
		[ new Date(2018,3,18,19,18,22), 0.03125, 7550.085, 21.02734, 0, null],
		[ new Date(2018,3,18,19,18,21), 0.03125, 7535.593, 21.02734, 0, null],
		[ new Date(2018,3,18,19,18,20), 0.03125, 7484.66, 21.02734, 0, null],
		[ new Date(2018,3,18,19,18,19), 0.03125, 7360.636, 21.02734, 0, null],
		[ new Date(2018,3,18,19,18,18), 0.03125, 7329.057, 21.02734, 0, null],
		[ new Date(2018,3,18,19,18,17), 0.03125, 7303.605, 21.02734, 0, null],
		[ new Date(2018,3,18,19,18,16), 0.03125, 7276.585, 21.02734, 0, null],
		[ new Date(2018,3,18,19,18,15), 0.03125, 7257.719, 21.02734, 0, null],
		[ new Date(2018,3,18,19,18,14), 0.03125, 7257.629, 21.02734, 0, null],
		[ new Date(2018,3,18,19,18,13), 0.03125, 7257.818, 21.02734, 0, null],
		[ new Date(2018,3,18,19,18,12), 0.03125, 7272.625, 21.02734, 0, null],
		[ new Date(2018,3,18,19,18,11), 0.03125, 7272.051, 21.02734, 0, null],
		[ new Date(2018,3,18,19,18,10), 0.03125, 7272.047, 21.02734, 0, null],
		[ new Date(2018,3,18,19,18,9), 0.03125, 7139.289, 21.02734, 0, null],
		[ new Date(2018,3,18,19,18,8), 0.03125, 7116.622, 21.02734, 0, null],
		[ new Date(2018,3,18,19,18,7), 0.03125, 7113.136, 21.02734, 0, null],
		[ new Date(2018,3,18,19,18,6), 0.03125, 7110.699, 21.02734, 0, null],
		[ new Date(2018,3,18,19,18,5), 0.03125, 7109.222, 21.02734, 0, null],
		[ new Date(2018,3,18,19,18,4), 0.03125, 7110.078, 21.02734, 0, null],
		[ new Date(2018,3,18,19,18,3), 0.03125, 7102.859, 21.02734, 0, null],
		[ new Date(2018,3,18,19,18,2), 0.03125, 7093.594, 21.02734, 0, null],
		[ new Date(2018,3,18,19,18,1), 0.03125, 7073.251, 21.02734, 0, null],
		[ new Date(2018,3,18,19,18,0), 0.03125, 7043.406, 21.02734, 0, null],
		[ new Date(2018,3,18,19,17,59), 0.03125, 7016.941, 21.02734, 0, null],
		[ new Date(2018,3,18,19,17,58), 0.03125, 6988.852, 21.02734, 0, null],
		[ new Date(2018,3,18,19,17,57), 0.03125, 6971.576, 21.02734, 0, null],
		[ new Date(2018,3,18,19,17,56), 0.03125, 6946.465, 21.02734, 0, null],
		[ new Date(2018,3,18,19,17,55), 0.03125, 6945.864, 21.02734, 0, null],
		[ new Date(2018,3,18,19,17,54), 0.03125, 6904.422, 21.02734, 0, null],
		[ new Date(2018,3,18,19,17,53), 0.03125, 6946.015, 21.02734, 0, null],
		[ new Date(2018,3,18,19,17,52), 0.03125, 6944.048, 21.02734, 0, null],
		[ new Date(2018,3,18,19,17,51), 0.03125, 6942.633, 21.02734, 0, null],
		[ new Date(2018,3,18,19,17,50), 0.03125, 6941.688, 21.02734, 0, null],
		[ new Date(2018,3,18,19,17,49), 0.03125, 6941.512, 21.02734, 0, null],
		[ new Date(2018,3,18,19,17,48), 0.03125, 6941.512, 21.02734, 0, null],
		[ new Date(2018,3,18,19,17,47), 0.03125, 6941.504, 21.02734, 0, null],
		[ new Date(2018,3,18,19,17,46), 0.03125, 6946.98, 21.02734, 0, null],
		[ new Date(2018,3,18,19,17,45), 0.03125, 6929.572, 21.02734, 0, null],
		[ new Date(2018,3,18,19,17,44), 0.03125, 6912.529, 21.02734, 0, null],
		[ new Date(2018,3,18,19,17,43), 0.03125, 6898.425, 21.02734, 0, null],
		[ new Date(2018,3,18,19,17,42), 0.03125, 6806.387, 21.02734, 0, null],
		[ new Date(2018,3,18,19,17,41), 0.03125, 6774.293, 21.02734, 0, null],
		[ new Date(2018,3,18,19,17,40), 0.03125, 6768.426, 21.02734, 0, null],
		[ new Date(2018,3,18,19,17,39), 0.03125, 6768.426, 21.02734, 0, null],
		[ new Date(2018,3,18,19,17,38), 0.03125, 6768.291, 21.02734, 0, null],
		[ new Date(2018,3,18,19,17,37), 0.03125, 6758.031, 21.02734, 0, null],
		[ new Date(2018,3,18,19,17,36), 0.03125, 6757.651, 21.02734, 0, null],
		[ new Date(2018,3,18,19,17,35), 0.03125, 6730.004, 21.02734, 0, null],
		[ new Date(2018,3,18,19,17,34), 0.03125, 6742.388, 21.02734, 0, null],
		[ new Date(2018,3,18,19,17,33), 0.03125, 6738.141, 21.02734, 0, null],
		[ new Date(2018,3,18,19,17,32), 0.03125, 6735.203, 21.02734, 0, null],
		[ new Date(2018,3,18,19,17,31), 0.03125, 6735.101, 21.02734, 0, null],
		[ new Date(2018,3,18,19,17,30), 0.03125, 6727.105, 21.02734, 0, null],
		[ new Date(2018,3,18,19,17,29), 0.03125, 6725.642, 21.02734, 0, null],
		[ new Date(2018,3,18,19,17,28), 0.03125, 6701.022, 21.02734, 0, null],
		[ new Date(2018,3,18,19,17,27), 0.03125, 6665.305, 21.02734, 0, null],
		[ new Date(2018,3,18,19,17,26), 0.03125, 6644.445, 21.02734, 0, null],
		[ new Date(2018,3,18,19,17,25), 0.03125, 6644.4, 21.02734, 0, null],
		[ new Date(2018,3,18,19,17,24), 0.03125, 6642.43, 21.02734, 0, null],
		[ new Date(2018,3,18,19,17,23), 0.03125, 6628.191, 21.02734, 0, null],
		[ new Date(2018,3,18,19,17,22), 0.03125, 6628.188, 21.02734, 0, null],
		[ new Date(2018,3,18,19,17,21), 0.03125, 6621.155, 21.02734, 0, null],
		[ new Date(2018,3,18,19,17,20), 0.03125, 6618.953, 21.02734, 0, null],
		[ new Date(2018,3,18,19,17,19), 0.03125, 6618.071, 21.02734, 0, null],
		[ new Date(2018,3,18,19,17,18), 0.03125, 6605.715, 21.02734, 0, null],
		[ new Date(2018,3,18,19,17,17), 0.03125, 6595.648, 21.02734, 0, null],
		[ new Date(2018,3,18,19,17,16), 0.03125, 6611.848, 21.02734, 0, null],
		[ new Date(2018,3,18,19,17,15), 0.03125, 6588.504, 21.02734, 0, null],
		[ new Date(2018,3,18,19,17,14), 0.03125, 6524.824, 21.02734, 0, null],
		[ new Date(2018,3,18,19,17,13), 0.03125, 6523.123, 21.02734, 0, null],
		[ new Date(2018,3,18,19,17,12), 0.03125, 6509.152, 21.02734, 0, null],
		[ new Date(2018,3,18,19,17,11), 0.03125, 6509.109, 21.02734, 0, null],
		[ new Date(2018,3,18,19,17,10), 0.03125, 6508.795, 21.02734, 0, null],
		[ new Date(2018,3,18,19,17,9), 0.03125, 6484.409, 21.02734, 0, null],
		[ new Date(2018,3,18,19,17,8), 0.03125, 6487.066, 21.02734, 0, null],
		[ new Date(2018,3,18,19,17,7), 0.03125, 6485.092, 21.02734, 0, null],
		[ new Date(2018,3,18,19,17,6), 0.03125, 6483.07, 21.02734, 0, null],
		[ new Date(2018,3,18,19,17,5), 0.03125, 6487.73, 21.02734, 0, null],
		[ new Date(2018,3,18,19,17,4), 0.03125, 6448.533, 21.02734, 0, null],
		[ new Date(2018,3,18,19,17,3), 0.03125, 6448.691, 21.02734, 0, null],
		[ new Date(2018,3,18,19,17,2), 0.03125, 6432.663, 21.02734, 0, null],
		[ new Date(2018,3,18,19,17,1), 0.03125, 6432.869, 21.02734, 0, null],
		[ new Date(2018,3,18,19,17,0), 0.03125, 6434.193, 21.02734, 0, null],
		[ new Date(2018,3,18,19,16,59), 0.03125, 6431.304, 21.02734, 0, null],
		[ new Date(2018,3,18,19,16,58), 0.03125, 6429.992, 21.02734, 0, null],
		[ new Date(2018,3,18,19,16,57), 0.03125, 6407.496, 21.02734, 0, null],
		[ new Date(2018,3,18,19,16,56), 0.03125, 6393.488, 21.02734, 0, null],
		[ new Date(2018,3,18,19,16,55), 0.03125, 6393.683, 21.02734, 0, null],
		[ new Date(2018,3,18,19,16,54), 0.03125, 6393.934, 21.02734, 0, null],
		[ new Date(2018,3,18,19,16,53), 0.03125, 6392.031, 21.02734, 0, null],
		[ new Date(2018,3,18,19,16,52), 0.03125, 6391.355, 21.02734, 0, null],
		[ new Date(2018,3,18,19,16,51), 0.03125, 6391.355, 21.02734, 0, null],
		[ new Date(2018,3,18,19,16,50), 0.03125, 6391.285, 21.02734, 0, null],
		[ new Date(2018,3,18,19,16,49), 0.03125, 6388.645, 21.02734, 0, null],
		[ new Date(2018,3,18,19,16,48), 0.03125, 6375.713, 21.02734, 0, null],
		[ new Date(2018,3,18,19,16,47), 0.03125, 6375.867, 21.02734, 0, null],
		[ new Date(2018,3,18,19,16,46), 0.03125, 6375.668, 21.02734, 0, null],
		[ new Date(2018,3,18,19,16,45), 0.03125, 6375.667, 21.02734, 0, null],
		[ new Date(2018,3,18,19,16,44), 0.03125, 6375.629, 21.02734, 0, null],
		[ new Date(2018,3,18,19,16,43), 0.03125, 6364.228, 21.02734, 0, null],
		[ new Date(2018,3,18,19,16,42), 0.03125, 6362.57, 21.02734, 0, null],
		[ new Date(2018,3,18,19,16,41), 0.03125, 6362.492, 21.02734, 0, null],
		[ new Date(2018,3,18,19,16,40), 0.03125, 6362.196, 21.02734, 0, null],
		[ new Date(2018,3,18,19,16,39), 0.03125, 6344.22, 21.02734, 0, null],
		[ new Date(2018,3,18,19,16,38), 0.03125, 6344.273, 21.02734, 0, null],
		[ new Date(2018,3,18,19,16,37), 0.03125, 6333.293, 21.02734, 0, null],
		[ new Date(2018,3,18,19,16,36), 0.03125, 6333.343, 21.02734, 0, null],
		[ new Date(2018,3,18,19,16,35), 0.03125, 6336.699, 21.02734, 0, null],
		[ new Date(2018,3,18,19,16,34), 0.03125, 6336.406, 21.02734, 0, null],
		[ new Date(2018,3,18,19,16,33), 0.03125, 6297.902, 21.02734, 0, null],
		[ new Date(2018,3,18,19,16,32), 0.03125, 6294.604, 21.02734, 0, null],
		[ new Date(2018,3,18,19,16,31), 0.03125, 6293.445, 21.02734, 0, null],
		[ new Date(2018,3,18,19,16,30), 0.03125, 6292.139, 21.02734, 0, null],
		[ new Date(2018,3,18,19,16,29), 0.03125, 6292.012, 21.02734, 0, null],
		[ new Date(2018,3,18,19,16,28), 0.03125, 6269.027, 21.02734, 0, null],
		[ new Date(2018,3,18,19,16,27), 0.03125, 6240.629, 21.02734, 0, null],
		[ new Date(2018,3,18,19,16,26), 0.03125, 6240.629, 21.02734, 0, null],
		[ new Date(2018,3,18,19,16,25), 0.03125, 6240.624, 21.02734, 0, null],
		[ new Date(2018,3,18,19,16,24), 0.03125, 6240.13, 21.02734, 0, null],
		[ new Date(2018,3,18,19,16,23), 0.03125, 6209.488, 21.02734, 0, null],
		[ new Date(2018,3,18,19,16,22), 0.03125, 6212.574, 21.02734, 0, null],
		[ new Date(2018,3,18,19,16,21), 0.03125, 6212.558, 21.02734, 0, null],
		[ new Date(2018,3,18,19,16,20), 0.03125, 6212.211, 21.02734, 0, null],
		[ new Date(2018,3,18,19,16,19), 0.03125, 6215.555, 21.02734, 0, null],
		[ new Date(2018,3,18,19,16,18), 0.03125, 6193.355, 21.02734, 0, null],
		[ new Date(2018,3,18,19,16,17), 0.03125, 6193.114, 21.02734, 0, null],
		[ new Date(2018,3,18,19,16,16), 0.03125, 6193.07, 21.02734, 0, null],
		[ new Date(2018,3,18,19,16,15), 0.03125, 6187.906, 21.02734, 0, null],
		[ new Date(2018,3,18,19,16,14), 0.03125, 6188.711, 21.02734, 0, null],
		[ new Date(2018,3,18,19,16,13), 0.03125, 6188.538, 21.02734, 0, null],
		[ new Date(2018,3,18,19,16,12), 0.03125, 6188.145, 21.02734, 0, null],
		[ new Date(2018,3,18,19,16,11), 0.03125, 6183.277, 21.02734, 0, null],
		[ new Date(2018,3,18,19,16,10), 0.03125, 6186.992, 21.02734, 0, null],
		[ new Date(2018,3,18,19,16,9), 0.03125, 6169.891, 21.02734, 0, null],
		[ new Date(2018,3,18,19,16,8), 0.03125, 6169.34, 21.02734, 0, null],
		[ new Date(2018,3,18,19,16,7), 0.03125, 6168.156, 21.02734, 0, null],
		[ new Date(2018,3,18,19,16,6), 0.03125, 6168.133, 21.02734, 0, null],
		[ new Date(2018,3,18,19,16,5), 0.03125, 6173.629, 21.02734, 0, null],
		[ new Date(2018,3,18,19,16,4), 0.03125, 6174.018, 21.02734, 0, null],
		[ new Date(2018,3,18,19,16,3), 0.03125, 6174.52, 21.02734, 0, null],
		[ new Date(2018,3,18,19,16,2), 0.03125, 6172.051, 21.02734, 0, null],
		[ new Date(2018,3,18,19,16,1), 0.03125, 6172.051, 21.02734, 0, null],
		[ new Date(2018,3,18,19,16,0), 0.03125, 6172.051, 21.02734, 0, null],