		[ new Date(2018,3,18,21,16,49), 0, 16.18482, 3.00697, 0, null],
		[ new Date(2018,3,18,21,16,48), 0, 29.6107, 3.3839, 0, null],
		[ new Date(2018,3,18,21,16,47), 0, 163.60725, 2.95038, 0, null],
		[ new Date(2018,3,18,21,16,46), 0, 205.0019, 1.9712, 0, null],
		[ new Date(2018,3,18,21,16,45), 0, 307.1531, 6.86746, 0, null],
		[ new Date(2018,3,18,21,16,44), 0, 273.8369, 9.4184, 0, null],
		[ new Date(2018,3,18,21,16,43), 0, 14.86944, 0.98425, 0, null],
		[ new Date(2018,3,18,21,16,42), 0, 78.2871, 4.6611, 0, null],
		[ new Date(2018,3,18,21,16,41), 0, 118.5496, 7.31, 0, null],
		[ new Date(2018,3,18,21,16,40), 0, 182.8119, 8.1859, 0, null],
		[ new Date(2018,3,18,21,16,39), 0, 191.7875, 10.12907, 0, null],
		[ new Date(2018,3,18,21,16,38), 0, 265.3064, 6.5422, 0, null],
		[ new Date(2018,3,18,21,16,37), 0, 270.4006, 7.5901, 0, null],
		[ new Date(2018,3,18,21,16,36), 0, 379.9133, 12.941, 0, null],
		[ new Date(2018,3,18,21,16,35), 0, 294.9839, 6.49153, 0, null],
		[ new Date(2018,3,18,21,16,34), 0, 463.8718, 8.64037, 0, null],
		[ new Date(2018,3,18,21,16,33), 0, 163.71936, 4.58863, 0, null],
		[ new Date(2018,3,18,21,16,32), 0, 227.8291, 4.7628, 0, null],
		[ new Date(2018,3,18,21,16,31), 0, 353.6029, 4.77398, 0, null],
		[ new Date(2018,3,18,21,16,30), 0, 68.7411, 7.49624, 0, null],
		[ new Date(2018,3,18,21,16,29), 0, 374.0871, 7.43422, 0, null],
		[ new Date(2018,3,18,21,16,28), 0, 451.09, 6.7165, 0, null],
		[ new Date(2018,3,18,21,16,27), 0, 268.3484, 9.3635, 0, null],
		[ new Date(2018,3,18,21,16,26), 0, 517.4313, 9.3932, 0, null],
		[ new Date(2018,3,18,21,16,25), 0, 311.9642, 6.76744, 0, null],
		[ new Date(2018,3,18,21,16,24), 0, 542.4307, 9.4594, 0, null],
		[ new Date(2018,3,18,21,16,23), 0, 481.4092, 6.6373, 0, null],
		[ new Date(2018,3,18,21,16,22), 0, 140.35306, 2.02633, 0, null],
		[ new Date(2018,3,18,21,16,21), 0, 700.6861, 8.55317, 0, null],
		[ new Date(2018,3,18,21,16,20), 0, 496.962, 9.45455, 0, null],
		[ new Date(2018,3,18,21,16,19), 0, 94.9044, 2.8781, 0, null],
		[ new Date(2018,3,18,21,16,18), 0, 279.0839, 4.7642, 0, null],
		[ new Date(2018,3,18,21,16,17), 0, 622.7136, 10.33828, 0, null],
		[ new Date(2018,3,18,21,16,16), 0, 595.7918, 4.8456, 0, null],
		[ new Date(2018,3,18,21,16,15), 0, 124.2918, 3.6821, 0, null],
		[ new Date(2018,3,18,21,16,14), 0, 799.4078, 5.7578, 0, null],
		[ new Date(2018,3,18,21,16,13), 0, 402.753, 5.6622, 0, null],
		[ new Date(2018,3,18,21,16,12), 0, 596.6199, 5.79955, 0, null],
		[ new Date(2018,3,18,21,16,11), 0, 157.77556, 5.65353, 0, null],
		[ new Date(2018,3,18,21,16,10), 0, 323.0267, 3.08408, 0, null],
		[ new Date(2018,3,18,21,16,9), 0, 1238.7735, 10.3133, 0, null],
		[ new Date(2018,3,18,21,16,8), 0, 203.1881, 2.05899, 0, null],
		[ new Date(2018,3,18,21,16,7), 0, 651.7059, 8.6733, 0, null],
		[ new Date(2018,3,18,21,16,6), 0, 200.2246, 2.90278, 0, null],
		[ new Date(2018,3,18,21,16,5), 0, 384.0476, 3.93823, 0, null],
		[ new Date(2018,3,18,21,16,4), 0, 1551.9677, 7.7058, 0, null],
		[ new Date(2018,3,18,21,16,3), 0, 532.1446, 7.65152, 0, null],
		[ new Date(2018,3,18,21,16,2), 0, 458.408, 4.94377, 0, null],
		[ new Date(2018,3,18,21,16,1), 0, 177.6357, 2.00566, 0, null],
		[ new Date(2018,3,18,21,16,0), 0, 457.8684, 6.0867, 0, null],
		[ new Date(2018,3,18,21,15,59), 0, 1634.611, 16.4691, 0, null],
		[ new Date(2018,3,18,21,15,58), 0, 634.017, 6.6345, 0, null],
		[ new Date(2018,3,18,21,15,57), 0, 470.0889, 6.8899, 0, null],
		[ new Date(2018,3,18,21,15,56), 0, 286.8789, 3.89474, 0, null],
		[ new Date(2018,3,18,21,15,55), 0, 1348.679, 0.0722, 0, null],
		[ new Date(2018,3,18,21,15,54), 0, 175.0775, 4.8764, 0, null],
		[ new Date(2018,3,18,21,15,53), 0, 434.5952, 8.66203, 0, null],
		[ new Date(2018,3,18,21,15,52), 0, 423.9641, 5.6591, 0, null],
		[ new Date(2018,3,18,21,15,51), 0, 725.1049, 7.7753, 0, null],
		[ new Date(2018,3,18,21,15,50), 0, 141.13561, 5.62983, 0, null],
		[ new Date(2018,3,18,21,15,49), 0, 228.287, 0, 0, null],
		[ new Date(2018,3,18,21,15,48), 0, 2089.823, 7.09584, 0, null],
		[ new Date(2018,3,18,21,15,47), 0, 700.7745, 12.8942, 0, null],
		[ new Date(2018,3,18,21,15,46), 0, 398.3596, 3.9063, 0, null],
		[ new Date(2018,3,18,21,15,45), 0, 430.4805, 4.95583, 0, null],
		[ new Date(2018,3,18,21,15,44), 0, 220.724, 1.9447, 0, null],
		[ new Date(2018,3,18,21,15,43), 0, 1545.6519, 3.10946, 0, null],
		[ new Date(2018,3,18,21,15,42), 0, 708.4881, 5.6951, 0, null],
		[ new Date(2018,3,18,21,15,41), 0, 8.7956, 3.1983, 0, null],
		[ new Date(2018,3,18,21,15,40), 0, 456.8355, 4.82188, 0, null],
		[ new Date(2018,3,18,21,15,39), 0, 829.515, 5.8082, 0, null],
		[ new Date(2018,3,18,21,15,38), 0, 59.2079, 3.76, 0, null],
		[ new Date(2018,3,18,21,15,37), 0, 92.52167, 0.03607, 0, null],
		[ new Date(2018,3,18,21,15,36), 0, 389.7793, 3.01897, 0, null],
		[ new Date(2018,3,18,21,15,35), 0, 2232.927, 8.29806, 0, null],
		[ new Date(2018,3,18,21,15,34), 0, 1178.755, 5.3801, 0, null],
		[ new Date(2018,3,18,21,15,33), 0, 659.9408, 8.95603, 0, null],
		[ new Date(2018,3,18,21,15,32), 0, 1041.6075, 3.7379, 0, null],
		[ new Date(2018,3,18,21,15,31), 0, 111.40778, 1.96864, 0, null],
		[ new Date(2018,3,18,21,15,30), 0, 210.0366, 4.76601, 0, null],
		[ new Date(2018,3,18,21,15,29), 0, 215.4065, 3.83837, 0, null],
		[ new Date(2018,3,18,21,15,28), 0, 1752.154, 3.07569, 0, null],
		[ new Date(2018,3,18,21,15,27), 0, 2328.723, 5.1949, 0, null],
		[ new Date(2018,3,18,21,15,26), 0, 2293.644, 8.10039, 0, null],
		[ new Date(2018,3,18,21,15,25), 0, 2274.278, 1.8223, 0, null],
		[ new Date(2018,3,18,21,15,24), 0, 2280.464, 9.19394, 0, null],
		[ new Date(2018,3,18,21,15,23), 0, 1518.7791, 5.6931, 0, null],
		[ new Date(2018,3,18,21,15,22), 0, 1799.209, 0.06691, 0, null],
		[ new Date(2018,3,18,21,15,21), 0, 1727.179, 4.16976, 0, null],
		[ new Date(2018,3,18,21,15,20), 0, 445.5082, 13.3304, 0, null],
		[ new Date(2018,3,18,21,15,19), 0, 10.9906, 0.9994, 0, null],
		[ new Date(2018,3,18,21,15,18), 0, 17.21668, 2.04595, 0, null],
		[ new Date(2018,3,18,21,15,17), 0, 710.3897, 5.71398, 0, null],
		[ new Date(2018,3,18,21,15,16), 0, 1451.862, 0, 0, null],
		[ new Date(2018,3,18,21,15,15), 0, 384.8307, 4.9174, 0, null],
		[ new Date(2018,3,18,21,15,14), 0, 11.73266, 3.012, 0, null],
		[ new Date(2018,3,18,21,15,13), 0, 726.4189, 3.94646, 0, null],
		[ new Date(2018,3,18,21,15,12), 0, 232.9688, 5.8649, 0, null],
		[ new Date(2018,3,18,21,15,11), 0, 1.13137, 2.0005, 0, null],
		[ new Date(2018,3,18,21,15,10), 0, 14.49578, 1.98747, 0, null],
		[ new Date(2018,3,18,21,15,9), 0, 226.5451, 1.03994, 0, null],
		[ new Date(2018,3,18,21,15,8), 0, 1541.182, 4.9307, 0, null],
		[ new Date(2018,3,18,21,15,7), 0, 137.8064, 3.9121, 0, null],
		[ new Date(2018,3,18,21,15,6), 0, 5.58902, 0.44595, 0, null],
		[ new Date(2018,3,18,21,15,5), 0, 17.10661, 1.97921, 0, null],
		[ new Date(2018,3,18,21,15,4), 0, 898.9134, 0.06711, 0, null],
		[ new Date(2018,3,18,21,15,3), 0, 1241.9732, 4.8679, 0, null],
		[ new Date(2018,3,18,21,15,2), 0, 3.08356, 3.97852, 0, null],
		[ new Date(2018,3,18,21,15,1), 0, 10.2819, 1.714, 0, null],
		[ new Date(2018,3,18,21,15,0), 0, 2.4975, 2.4966, 0, null],