		[ new Date(2018,3,18,21,16,49), 0.03125, 8885.788, 21.02344, 0, null],
		[ new Date(2018,3,18,21,16,48), 0.03125, 8886, 21.02344, 0, null],
		[ new Date(2018,3,18,21,16,47), 0.03125, 8885.721, 21.02344, 0, null],
		[ new Date(2018,3,18,21,16,46), 0.03125, 8884.492, 21.02344, 0, null],
		[ new Date(2018,3,18,21,16,45), 0.03125, 8882.785, 21.02344, 0, null],
		[ new Date(2018,3,18,21,16,44), 0.03125, 8880.23, 21.02344, 0, null],
		[ new Date(2018,3,18,21,16,43), 0.03125, 8878.94, 21.02344, 0, null],
		[ new Date(2018,3,18,21,16,42), 0.03125, 8879.477, 21.02344, 0, null],
		[ new Date(2018,3,18,21,16,41), 0.03125, 8879.517, 21.02344, 0, null],
		[ new Date(2018,3,18,21,16,40), 0.03125, 8879.301, 21.02344, 0, null],
		[ new Date(2018,3,18,21,16,39), 0.03125, 8879.791, 21.02344, 0, null],
		[ new Date(2018,3,18,21,16,38), 0.03125, 8880.246, 21.02344, 0, null],
		[ new Date(2018,3,18,21,16,37), 0.03125, 8832.512, 21.02344, 0, null],
		[ new Date(2018,3,18,21,16,36), 0.03125, 8832.395, 21.02344, 0, null],
		[ new Date(2018,3,18,21,16,35), 0.03125, 8831.654, 21.02344, 0, null],
		[ new Date(2018,3,18,21,16,34), 0.03125, 8831.518, 21.02344, 0, null],
		[ new Date(2018,3,18,21,16,33), 0.03125, 8831.691, 21.02344, 0, null],
		[ new Date(2018,3,18,21,16,32), 0.03125, 8829.953, 21.02344, 0, null],
		[ new Date(2018,3,18,21,16,31), 0.03125, 8829.519, 21.02344, 0, null],
		[ new Date(2018,3,18,21,16,30), 0.03125, 8829.534, 21.02344, 0, null],
		[ new Date(2018,3,18,21,16,29), 0.03125, 8831.196, 21.02344, 0, null],
		[ new Date(2018,3,18,21,16,28), 0.03125, 8830.547, 21.02344, 0, null],
		[ new Date(2018,3,18,21,16,27), 0.03125, 8830.124, 21.02344, 0, null],
		[ new Date(2018,3,18,21,16,26), 0.03125, 8829.496, 21.02344, 0, null],
		[ new Date(2018,3,18,21,16,25), 0.03125, 8829.164, 21.02344, 0, null],
		[ new Date(2018,3,18,21,16,24), 0.03125, 8828.078, 21.02344, 0, null],
		[ new Date(2018,3,18,21,16,23), 0.03125, 8827.477, 21.02344, 0, null],
		[ new Date(2018,3,18,21,16,22), 0.03125, 8828.622, 21.02344, 0, null],
		[ new Date(2018,3,18,21,16,21), 0.03125, 8827.714, 21.02344, 0, null],
		[ new Date(2018,3,18,21,16,20), 0.03125, 8825.42, 21.02344, 0, null],
		[ new Date(2018,3,18,21,16,19), 0.03125, 8826.949, 21.02344, 0, null],
		[ new Date(2018,3,18,21,16,18), 0.03125, 8825.52, 21.02344, 0, null],
		[ new Date(2018,3,18,21,16,17), 0.03125, 8824.654, 21.02344, 0, null],
		[ new Date(2018,3,18,21,16,16), 0.03125, 8825.465, 21.02344, 0, null],
		[ new Date(2018,3,18,21,16,15), 0.03125, 8823.574, 21.02344, 0, null],
		[ new Date(2018,3,18,21,16,14), 0.03125, 8825.137, 21.02344, 0, null],
		[ new Date(2018,3,18,21,16,13), 0.03125, 8792.305, 21.02344, 0, null],
		[ new Date(2018,3,18,21,16,12), 0.03125, 8790.237, 21.02344, 0, null],
		[ new Date(2018,3,18,21,16,11), 0.03125, 8790.15, 21.02344, 0, null],
		[ new Date(2018,3,18,21,16,10), 0.03125, 8791.901, 21.02344, 0, null],
		[ new Date(2018,3,18,21,16,9), 0.03125, 8757.254, 21.02344, 0, null],
		[ new Date(2018,3,18,21,16,8), 0.03125, 8741.838, 21.02344, 0, null],
		[ new Date(2018,3,18,21,16,7), 0.03125, 8738.531, 21.02344, 0, null],
		[ new Date(2018,3,18,21,16,6), 0.03125, 8738.871, 21.02344, 0, null],
		[ new Date(2018,3,18,21,16,5), 0.03125, 8737.99, 21.02344, 0, null],
		[ new Date(2018,3,18,21,16,4), 0.03125, 8735.469, 21.02344, 0, null],
		[ new Date(2018,3,18,21,16,3), 0.03125, 8716.122, 21.02344, 0, null],
		[ new Date(2018,3,18,21,16,2), 0.03125, 8711.505, 21.02344, 0, null],
		[ new Date(2018,3,18,21,16,1), 0.03125, 8710.034, 21.02344, 0, null],
		[ new Date(2018,3,18,21,16,0), 0.03125, 8715.95, 21.02344, 0, null],
		[ new Date(2018,3,18,21,15,59), 0.03125, 8712.531, 21.02344, 0, null],
		[ new Date(2018,3,18,21,15,58), 0.03125, 8690.449, 21.02344, 0, null],
		[ new Date(2018,3,18,21,15,57), 0.03125, 8664.402, 21.02344, 0, null],
		[ new Date(2018,3,18,21,15,56), 0.03125, 8669.139, 21.02344, 0, null],
		[ new Date(2018,3,18,21,15,55), 0.03125, 8665.835, 21.02344, 0, null],
		[ new Date(2018,3,18,21,15,54), 0.03125, 8650.684, 21.02344, 0, null],
		[ new Date(2018,3,18,21,15,53), 0.03125, 8636.489, 21.02344, 0, null],
		[ new Date(2018,3,18,21,15,52), 0.03125, 8644.008, 21.02344, 0, null],
		[ new Date(2018,3,18,21,15,51), 0.03125, 8639.113, 21.02344, 0, null],
		[ new Date(2018,3,18,21,15,50), 0.03125, 8629.032, 21.02344, 0, null],
		[ new Date(2018,3,18,21,15,49), 0.03125, 8632.91, 21.02344, 0, null],
		[ new Date(2018,3,18,21,15,48), 0.03125, 8627.103, 21.02344, 0, null],
		[ new Date(2018,3,18,21,15,47), 0.03125, 8586.199, 21.02344, 0, null],
		[ new Date(2018,3,18,21,15,46), 0.03125, 8701.094, 21.02344, 0, null],
		[ new Date(2018,3,18,21,15,45), 0.03125, 8564.506, 21.02344, 0, null],
		[ new Date(2018,3,18,21,15,44), 0.03125, 8568.789, 21.02344, 0, null],
		[ new Date(2018,3,18,21,15,43), 0.03125, 8564.929, 21.02344, 0, null],
		[ new Date(2018,3,18,21,15,42), 0.03125, 8527.469, 21.02344, 0, null],
		[ new Date(2018,3,18,21,15,41), 0.03125, 8518.625, 21.02344, 0, null],
		[ new Date(2018,3,18,21,15,40), 0.03125, 8519.129, 21.02344, 0, null],
		[ new Date(2018,3,18,21,15,39), 0.03125, 8515.238, 21.02344, 0, null],
		[ new Date(2018,3,18,21,15,38), 0.03125, 8514.516, 21.02344, 0, null],
		[ new Date(2018,3,18,21,15,37), 0.03125, 8518.069, 21.02344, 0, null],
		[ new Date(2018,3,18,21,15,36), 0.03125, 8518.817, 21.02344, 0, null],
		[ new Date(2018,3,18,21,15,35), 0.03125, 8512.254, 21.02344, 0, null],
		[ new Date(2018,3,18,21,15,34), 0.03125, 8470.133, 21.02344, 0, null],
		[ new Date(2018,3,18,21,15,33), 0.03125, 8492.616, 21.02344, 0, null],
		[ new Date(2018,3,18,21,15,32), 0.03125, 8482.938, 21.02344, 0, null],
		[ new Date(2018,3,18,21,15,31), 0.03125, 8471.185, 21.02344, 0, null],
		[ new Date(2018,3,18,21,15,30), 0.03125, 8473.372, 21.02344, 0, null],
		[ new Date(2018,3,18,21,15,29), 0.03125, 8472.476, 21.02344, 0, null],
		[ new Date(2018,3,18,21,15,28), 0.03125, 8464.438, 21.02344, 0, null],
		[ new Date(2018,3,18,21,15,27), 0.03125, 8437.781, 21.02344, 0, null],
		[ new Date(2018,3,18,21,15,26), 0.03125, 8436.742, 21.02344, 0, null],
		[ new Date(2018,3,18,21,15,25), 0.03125, 8433.203, 21.02344, 0, null],
		[ new Date(2018,3,18,21,15,24), 0.03125, 8433.724, 21.02344, 0, null],
		[ new Date(2018,3,18,21,15,23), 0.03125, 8444.516, 21.02344, 0, null],
		[ new Date(2018,3,18,21,15,22), 0.03125, 8450.843, 21.02344, 0, null],
		[ new Date(2018,3,18,21,15,21), 0.03125, 8448.516, 21.02344, 0, null],
		[ new Date(2018,3,18,21,15,20), 0.03125, 8318.801, 21.02344, 0, null],
		[ new Date(2018,3,18,21,15,19), 0.03125, 8317.98, 21.02344, 0, null],
		[ new Date(2018,3,18,21,15,18), 0.03125, 8317.98, 21.02344, 0, null],
		[ new Date(2018,3,18,21,15,17), 0.03125, 8317.954, 21.02344, 0, null],
		[ new Date(2018,3,18,21,15,16), 0.03125, 8315.887, 21.02344, 0, null],
		[ new Date(2018,3,18,21,15,15), 0.03125, 8012.113, 21.02344, 0, null],
		[ new Date(2018,3,18,21,15,14), 0.03125, 8005.965, 21.02344, 0, null],
		[ new Date(2018,3,18,21,15,13), 0.03125, 8005.607, 21.02344, 0, null],
		[ new Date(2018,3,18,21,15,12), 0.03125, 7979.016, 21.02344, 0, null],
		[ new Date(2018,3,18,21,15,11), 0.03125, 7974.12, 21.02344, 0, null],
		[ new Date(2018,3,18,21,15,10), 0.03125, 7974.008, 21.02344, 0, null],
		[ new Date(2018,3,18,21,15,9), 0.03125, 7973.986, 21.02344, 0, null],
		[ new Date(2018,3,18,21,15,8), 0.03125, 7973.242, 21.02344, 0, null],
		[ new Date(2018,3,18,21,15,7), 0.03125, 7971.316, 21.02344, 0, null],
		[ new Date(2018,3,18,21,15,6), 0.03125, 7970.33, 21.02344, 0, null],
		[ new Date(2018,3,18,21,15,5), 0.03125, 7970.166, 21.02344, 0, null],
		[ new Date(2018,3,18,21,15,4), 0.03125, 7970.334, 21.02344, 0, null],
		[ new Date(2018,3,18,21,15,3), 0.03125, 7973.301, 21.02344, 0, null],
		[ new Date(2018,3,18,21,15,2), 0.03125, 6790.441, 21.02344, 0, null],
		[ new Date(2018,3,18,21,15,1), 0.03125, 6790.445, 21.02344, 0, null],
		[ new Date(2018,3,18,21,15,0), 0.03125, 6790.441, 21.02344, 0, null],