                [ new Date(2018,3,18,20,23,21), 0, 100.90082, 4.99193, 0, null],
		[ new Date(2018,3,18,20,23,20), 0, 231.4015, 14.92537, 0, null],
		[ new Date(2018,3,18,20,23,19), 0, 101.8901, 1.96, 0, null],
		[ new Date(2018,3,18,20,23,18), 0, 73.39823, 4.75821, 0, null],
		[ new Date(2018,3,18,20,23,17), 0, 152.21764, 13.81592, 0, null],
		[ new Date(2018,3,18,20,23,16), 0, 215.1381, 5.6632, 0, null],
		[ new Date(2018,3,18,20,23,15), 0, 132.0226, 4.8536, 0, null],
		[ new Date(2018,3,18,20,23,14), 0, 254.0239, 12.34276, 0, null],
		[ new Date(2018,3,18,20,23,13), 0, 201.6268, 14.812, 0, null],
		[ new Date(2018,3,18,20,23,12), 0, 234.7568, 13.1988, 0, null],
		[ new Date(2018,3,18,20,23,11), 0, 46.4699, 6.5071, 0, null],
		[ new Date(2018,3,18,20,23,10), 0, 226.3492, 7.71506, 0, null],
		[ new Date(2018,3,18,20,23,9), 0, 146.1546, 5.8072, 0, null],
		[ new Date(2018,3,18,20,23,8), 0, 174.1744, 13.33226, 0, null],
		[ new Date(2018,3,18,20,23,7), 0, 212.5871, 11.3886, 0, null],
		[ new Date(2018,3,18,20,23,6), 0, 168.9955, 5.03399, 0, null],
		[ new Date(2018,3,18,20,23,5), 0, 286.2661, 13.4073, 0, null],
		[ new Date(2018,3,18,20,23,4), 0, 171.8746, 10.1096, 0, null],
		[ new Date(2018,3,18,20,23,3), 0, 114.90234, 3.00343, 0, null],
		[ new Date(2018,3,18,20,23,2), 0, 169.5043, 12.4488, 0, null],
		[ new Date(2018,3,18,20,23,1), 0, 186.3213, 8.5569, 0, null],
		[ new Date(2018,3,18,20,23,0), 0, 146.5773, 9.396, 0, null],
		[ new Date(2018,3,18,20,22,59), 0, 134.37708, 11.34766, 0, null],
		[ new Date(2018,3,18,20,22,58), 0, 231.2819, 13.2702, 0, null],
		[ new Date(2018,3,18,20,22,57), 0, 265.3138, 11.4548, 0, null],
		[ new Date(2018,3,18,20,22,56), 0, 105.5782, 9.3444, 0, null],
		[ new Date(2018,3,18,20,22,55), 0, 72.01564, 2.97653, 0, null],
		[ new Date(2018,3,18,20,22,54), 0, 143.97125, 7.34627, 0, null],
		[ new Date(2018,3,18,20,22,53), 0, 222.6324, 12.16937, 0, null],
		[ new Date(2018,3,18,20,22,52), 0, 136.1049, 6.6812, 0, null],
		[ new Date(2018,3,18,20,22,51), 0, 218.9632, 11.22074, 0, null],
		[ new Date(2018,3,18,20,22,50), 0, 230.5975, 11.2952, 0, null],
		[ new Date(2018,3,18,20,22,49), 0, 236.1352, 12.19338, 0, null],
		[ new Date(2018,3,18,20,22,48), 0, 56.2466, 3.7497, 0, null],
		[ new Date(2018,3,18,20,22,47), 0, 99.22483, 6.85912, 0, null],
		[ new Date(2018,3,18,20,22,46), 0, 149.8529, 9.3715, 0, null],
		[ new Date(2018,3,18,20,22,45), 0, 192.5248, 8.4114, 0, null],
		[ new Date(2018,3,18,20,22,44), 0, 190.5016, 13.91816, 0, null],
		[ new Date(2018,3,18,20,22,43), 0, 134.5169, 8.4663, 0, null],
		[ new Date(2018,3,18,20,22,42), 0, 227.368, 8.57266, 0, null],
		[ new Date(2018,3,18,20,22,41), 0, 239.0824, 13.0887, 0, null],
		[ new Date(2018,3,18,20,22,40), 0, 57.1547, 5.813, 0, null],
		[ new Date(2018,3,18,20,22,39), 0, 124.65651, 5.65867, 0, null],
		[ new Date(2018,3,18,20,22,38), 0, 184.0738, 11.3291, 0, null],
		[ new Date(2018,3,18,20,22,37), 0, 172.9271, 12.06822, 0, null],
		[ new Date(2018,3,18,20,22,36), 0, 275.2842, 9.7083, 0, null],
		[ new Date(2018,3,18,20,22,35), 0, 129.7868, 10.22522, 0, null],
		[ new Date(2018,3,18,20,22,34), 0, 245.4733, 10.7165, 0, null],
		[ new Date(2018,3,18,20,22,33), 0, 229.6959, 10.1901, 0, null],
		[ new Date(2018,3,18,20,22,32), 0, 51.9878, 2.9993, 0, null],
		[ new Date(2018,3,18,20,22,31), 0, 176.1201, 9.33661, 0, null],
		[ new Date(2018,3,18,20,22,30), 0, 127.57, 8.3823, 0, null],
		[ new Date(2018,3,18,20,22,29), 0, 182.8171, 8.72184, 0, null],
		[ new Date(2018,3,18,20,22,28), 0, 216.4929, 15.13197, 0, null],
		[ new Date(2018,3,18,20,22,27), 0, 185.1005, 8.55324, 0, null],
		[ new Date(2018,3,18,20,22,26), 0, 216.77, 12.1099, 0, null],
		[ new Date(2018,3,18,20,22,25), 0, 158.0734, 4.8793, 0, null],
		[ new Date(2018,3,18,20,22,24), 0, 65.0497, 1.9417, 0, null],
		[ new Date(2018,3,18,20,22,23), 0, 156.13066, 11.19105, 0, null],
		[ new Date(2018,3,18,20,22,22), 0, 106.3866, 5.602, 0, null],
		[ new Date(2018,3,18,20,22,21), 0, 4.1632, 0.8324, 0, null],
		[ new Date(2018,3,18,20,22,20), 0, 6.9896, 0.9987, 0, null],
		[ new Date(2018,3,18,20,22,19), 0, 2.00606, 3.97518, 0, null],
		[ new Date(2018,3,18,20,22,18), 0, 2.47807, 1.6049, 0, null],
		[ new Date(2018,3,18,20,22,17), 0, 9.1477, 1.8296, 0, null],
		[ new Date(2018,3,18,20,22,16), 0, 2.76116, 2.21104, 0, null],
		[ new Date(2018,3,18,20,22,15), 0, 1.1187, 1.0087, 0, null],
		[ new Date(2018,3,18,20,22,14), 0, 11.2404, 1.7304, 0, null],
		[ new Date(2018,3,18,20,22,13), 0, 1.99087, 4.95848, 0, null],
		[ new Date(2018,3,18,20,22,12), 0, 1.06747, 1.01217, 0, null],
		[ new Date(2018,3,18,20,22,11), 0, 6.9888, 1.9981, 0, null],
		[ new Date(2018,3,18,20,22,10), 0, 2.00499, 3.9651, 0, null],
		[ new Date(2018,3,18,20,22,9), 0, 2.51852, 0.61908, 0, null],
		[ new Date(2018,3,18,20,22,8), 0, 12.7227, 2.2452, 0, null],
		[ new Date(2018,3,18,20,22,7), 0, 1.01706, 3.96319, 0, null],
		[ new Date(2018,3,18,20,22,6), 0, 2.65805, 0.43554, 0, null],
		[ new Date(2018,3,18,20,22,5), 0, 9.9985, 0.9997, 0, null],
		[ new Date(2018,3,18,20,22,4), 0, 119.34484, 11.87643, 0, null],
		[ new Date(2018,3,18,20,22,3), 0, 192.0818, 8.521, 0, null],
		[ new Date(2018,3,18,20,22,2), 0, 179.6438, 10.88621, 0, null],
		[ new Date(2018,3,18,20,22,1), 0, 208.8722, 14.9947, 0, null],
		[ new Date(2018,3,18,20,22,0), 0, 215.7089, 11.9911, 0, null],
		[ new Date(2018,3,18,20,21,59), 0, 1.11652, 0.05813, 0, null],
		[ new Date(2018,3,18,20,21,58), 0, 10.9886, 4.9956, 0, null],
		[ new Date(2018,3,18,20,21,57), 0, 2.65492, 1.32371, 0, null],
		[ new Date(2018,3,18,20,21,56), 0, 1.63904, 0.47323, 0, null],
		[ new Date(2018,3,18,20,21,55), 0, 8.9892, 2.9971, 0, null],
		[ new Date(2018,3,18,20,21,54), 0, 1.01089, 0.01077, 0, null],
		[ new Date(2018,3,18,20,21,53), 0, 2.0669, 1.05708, 0, null],
		[ new Date(2018,3,18,20,21,52), 0, 7.8625, 6.1164, 0, null],
		[ new Date(2018,3,18,20,21,51), 0, 2.00042, 2.00031, 0, null],
		[ new Date(2018,3,18,20,21,50), 0, 2.10413, 2.02327, 0, null],
		[ new Date(2018,3,18,20,21,49), 0, 11.0372, 3.9418, 0, null],
		[ new Date(2018,3,18,20,21,48), 0, 2.385, 0.60462, 0, null],
		[ new Date(2018,3,18,20,21,47), 0, 1.09413, 1.03586, 0, null],
		[ new Date(2018,3,18,20,21,46), 0, 8.9838, 3.9962, 0, null],
		[ new Date(2018,3,18,20,21,45), 0, 2.00023, 1.98913, 0, null],
		[ new Date(2018,3,18,20,21,44), 0, 2.09202, 1.02402, 0, null],
		[ new Date(2018,3,18,20,21,43), 0, 9.9284, 3.0552, 0, null],
		[ new Date(2018,3,18,20,21,42), 0, 1.03587, 0.99823, 0, null],
		[ new Date(2018,3,18,20,21,41), 0, 4.65497, 0.9099, 0, null],
		[ new Date(2018,3,18,20,21,40), 0, 48.69232, 7.43557, 0, null],
		[ new Date(2018,3,18,20,21,39), 0, 201.8223, 5.7953, 0, null],
		[ new Date(2018,3,18,20,21,38), 0, 118.47625, 6.65182, 0, null],
		[ new Date(2018,3,18,20,21,37), 0, 192.8306, 15.97992, 0, null],
		[ new Date(2018,3,18,20,21,36), 0, 185.2404, 8.7281, 0, null],
		[ new Date(2018,3,18,20,21,35), 0, 234.8467, 9.78565, 0, null],
		[ new Date(2018,3,18,20,21,34), 0, 184.988, 7.9572, 0, null],
		[ new Date(2018,3,18,20,21,33), 0, 226.6723, 12.079, 0, null],
		[ new Date(2018,3,18,20,21,32), 0, 10.542, 1.46715, 0, null],
		[ new Date(2018,3,18,20,21,31), 0, 78.6294, 8.3252, 0, null],
		[ new Date(2018,3,18,20,21,30), 0, 188.5364, 8.42076, 0, null],
		[ new Date(2018,3,18,20,21,29), 0, 189.3986, 7.5499, 0, null],
		[ new Date(2018,3,18,20,21,28), 0, 162.33313, 11.56892, 0, null],
		[ new Date(2018,3,18,20,21,27), 0, 225.7223, 14.06135, 0, null],
		[ new Date(2018,3,18,20,21,26), 0, 217.6125, 5.89447, 0, null],
		[ new Date(2018,3,18,20,21,25), 0, 240.5231, 13.3125, 0, null],
		[ new Date(2018,3,18,20,21,24), 0, 102.4048, 6.5765, 0, null],
		[ new Date(2018,3,18,20,21,23), 0, 58.33175, 3.03444, 0, null],
		[ new Date(2018,3,18,20,21,22), 0, 152.613, 9.3087, 0, null],
		[ new Date(2018,3,18,20,21,21), 0, 129.1248, 6.7967, 0, null],
		[ new Date(2018,3,18,20,21,20), 0, 159.80629, 6.48252, 0, null],
		[ new Date(2018,3,18,20,21,19), 0, 164.9084, 11.0555, 0, null],
		[ new Date(2018,3,18,20,21,18), 0, 267.9072, 11.08929, 0, null],
		[ new Date(2018,3,18,20,21,17), 0, 268.7862, 8.71211, 0, null],
		[ new Date(2018,3,18,20,21,16), 0, 291.6774, 19.10191, 0, null],
		[ new Date(2018,3,18,20,21,15), 0, 178.7434, 5.8672, 0, null],
		[ new Date(2018,3,18,20,21,14), 0, 28.9657, 4.0231, 0, null],
		[ new Date(2018,3,18,20,21,13), 0, 62.17862, 7.48466, 0, null],
		[ new Date(2018,3,18,20,21,12), 0, 260.3407, 10.33773, 0, null],
		[ new Date(2018,3,18,20,21,11), 0, 81.749, 6.2207, 0, null],
		[ new Date(2018,3,18,20,21,10), 0, 90.2295, 5.7592, 0, null],
		[ new Date(2018,3,18,20,21,9), 0, 153.2906, 5.7124, 0, null],
		[ new Date(2018,3,18,20,21,8), 0, 166.73387, 8.49088, 0, null],
		[ new Date(2018,3,18,20,21,7), 0, 528.9109, 13.8269, 0, null],
		[ new Date(2018,3,18,20,21,6), 0, 443.7492, 4.02398, 0, null],
		[ new Date(2018,3,18,20,21,5), 0, 211.5544, 10.42087, 0, null],
		[ new Date(2018,3,18,20,21,4), 0, 781.8711, 12.2989, 0, null],
		[ new Date(2018,3,18,20,21,3), 0, 239.134, 12.99731, 0, null],
		[ new Date(2018,3,18,20,21,2), 0, 249.8503, 14.8624, 0, null],
		[ new Date(2018,3,18,20,21,1), 0, 34.50594, 5.44856, 0, null],
		[ new Date(2018,3,18,20,21,0), 0, 106.0173, 5.9448, 0, null],
		[ new Date(2018,3,18,20,20,59), 0, 190.3828, 12.04318, 0, null],
		[ new Date(2018,3,18,20,20,58), 0, 207.9752, 15.48916, 0, null],
		[ new Date(2018,3,18,20,20,57), 0, 176.1253, 6.95326, 0, null],
		[ new Date(2018,3,18,20,20,56), 0, 179.3843, 11.84167, 0, null],
		[ new Date(2018,3,18,20,20,55), 0, 354.0665, 11.2781, 0, null],
		[ new Date(2018,3,18,20,20,54), 0, 235.1309, 9.47216, 0, null],
		[ new Date(2018,3,18,20,20,53), 0, 105.2149, 6.5781, 0, null],
		[ new Date(2018,3,18,20,20,52), 0, 50.9309, 8.043, 0, null],
		[ new Date(2018,3,18,20,20,51), 0, 232.5212, 3.78252, 0, null],
		[ new Date(2018,3,18,20,20,50), 0, 253.0065, 5.47078, 0, null],
		[ new Date(2018,3,18,20,20,49), 0, 284.7451, 3.97345, 0, null],
		[ new Date(2018,3,18,20,20,48), 0, 33.72379, 3.9978, 0, null],
		[ new Date(2018,3,18,20,20,47), 0, 88.1323, 3.832, 0, null],
		[ new Date(2018,3,18,20,20,46), 0, 170.0216, 7.47163, 0, null],
		[ new Date(2018,3,18,20,20,45), 0, 262.3068, 8.5249, 0, null],
		[ new Date(2018,3,18,20,20,44), 0, 168.9068, 12.0652, 0, null],
		[ new Date(2018,3,18,20,20,43), 0, 205.5178, 15.83183, 0, null],
		[ new Date(2018,3,18,20,20,42), 0, 217.0952, 13.5694, 0, null],
		[ new Date(2018,3,18,20,20,41), 0, 231.2106, 10.28989, 0, null],
		[ new Date(2018,3,18,20,20,40), 0, 355.8778, 13.1874, 0, null],
		[ new Date(2018,3,18,20,20,39), 0, 90.3799, 6.5263, 0, null],
		[ new Date(2018,3,18,20,20,38), 0, 196.0688, 12.28922, 0, null],
		[ new Date(2018,3,18,20,20,37), 0, 73.29268, 11.64729, 0, null],
		[ new Date(2018,3,18,20,20,36), 0, 234.5217, 8.4734, 0, null],
		[ new Date(2018,3,18,20,20,35), 0, 96.4483, 4.9234, 0, null],
		[ new Date(2018,3,18,20,20,34), 0, 203.2926, 12.54846, 0, null],
		[ new Date(2018,3,18,20,20,33), 0, 252.1867, 8.3518, 0, null],
		[ new Date(2018,3,18,20,20,32), 0, 313.4424, 6.87092, 0, null],
		[ new Date(2018,3,18,20,20,31), 0, 295.0999, 14.88382, 0, null],
		[ new Date(2018,3,18,20,20,30), 0, 219.0395, 10.12526, 0, null],
		[ new Date(2018,3,18,20,20,29), 0, 301.9104, 11.33599, 0, null],
		[ new Date(2018,3,18,20,20,28), 0, 373.468, 21.0831, 0, null],
		[ new Date(2018,3,18,20,20,27), 0, 55.2054, 3.6836, 0, null],
		[ new Date(2018,3,18,20,20,26), 0, 105.44218, 5.77402, 0, null],
		[ new Date(2018,3,18,20,20,25), 0, 189.7181, 8.2115, 0, null],
		[ new Date(2018,3,18,20,20,24), 0, 22.61672, 2.75523, 0, null],
		[ new Date(2018,3,18,20,20,23), 0, 309.4683, 9.2637, 0, null],
		[ new Date(2018,3,18,20,20,22), 0, 183.868, 10.1137, 0, null],
		[ new Date(2018,3,18,20,20,21), 0, 112.09822, 4.39129, 0, null],
		[ new Date(2018,3,18,20,20,20), 0, 80.1415, 1.8218, 0, null],
		[ new Date(2018,3,18,20,20,19), 0, 512.3949, 14.0921, 0, null],
		[ new Date(2018,3,18,20,20,18), 0, 216.1354, 7.12173, 0, null],
		[ new Date(2018,3,18,20,20,17), 0, 218.6855, 8.3884, 0, null],
		[ new Date(2018,3,18,20,20,16), 0, 109.0144, 3.8946, 0, null],
		[ new Date(2018,3,18,20,20,15), 0, 538.3749, 12.2587, 0, null],
		[ new Date(2018,3,18,20,20,14), 0, 292.7058, 7.40258, 0, null],
		[ new Date(2018,3,18,20,20,13), 0, 231.343, 8.3785, 0, null],
		[ new Date(2018,3,18,20,20,12), 0, 336.5101, 9.1003, 0, null],
		[ new Date(2018,3,18,20,20,11), 0, 284.1265, 5.05356, 0, null],
		[ new Date(2018,3,18,20,20,10), 0, 455.4248, 11.85457, 0, null],
		[ new Date(2018,3,18,20,20,9), 0, 538.1066, 12.19, 0, null],
		[ new Date(2018,3,18,20,20,8), 0, 631.7067, 6.7623, 0, null],
		[ new Date(2018,3,18,20,20,7), 0, 7.9837, 4.9904, 0, null],
		[ new Date(2018,3,18,20,20,6), 0, 1, 2, 0, null],
		[ new Date(2018,3,18,20,20,5), 0, 8.89782, 0.0656, 0, null],
		[ new Date(2018,3,18,20,20,4), 0, 0.88532, 5.10162, 0, null],
		[ new Date(2018,3,18,20,20,3), 0, 3.14227, 1.996, 0, null],
		[ new Date(2018,3,18,20,20,2), 0, 13.4042, 1.5769, 0, null],
		[ new Date(2018,3,18,20,20,1), 0, 3.9986, 2.9988, 0, null],
		[ new Date(2018,3,18,20,20,0), 0, 2.73964, 1.31764, 0, null],
		[ new Date(2018,3,18,20,19,59), 0, 7.9945, 0, 0, null],
		[ new Date(2018,3,18,20,19,58), 0, 1.9998, 6.9995, 0, null],
		[ new Date(2018,3,18,20,19,57), 0, 2.09737, 2.00215, 0, null],
		[ new Date(2018,3,18,20,19,56), 0, 8.9873, 1.9984, 0, null],
		[ new Date(2018,3,18,20,19,55), 0, 2.9998, 3.9996, 0, null],
		[ new Date(2018,3,18,20,19,54), 0, 1.14066, 1.99448, 0, null],
		[ new Date(2018,3,18,20,19,53), 0, 11.464, 1.5287, 0, null],
		[ new Date(2018,3,18,20,19,52), 0, 3.1994, 4.799, 0, null],
		[ new Date(2018,3,18,20,19,51), 0, 3.01396, 0.98662, 0, null],
		[ new Date(2018,3,18,20,19,50), 0, 3.9992, 0, 0, null],
		[ new Date(2018,3,18,20,19,49), 0, 9.19525, 3.67304, 0, null],
		[ new Date(2018,3,18,20,19,48), 0, 3.93449, 0.64786, 0, null],
		[ new Date(2018,3,18,20,19,47), 0, 111.0344, 3.8954, 0, null],
		[ new Date(2018,3,18,20,19,46), 0, 353.6174, 12.7706, 0, null],
		[ new Date(2018,3,18,20,19,45), 0, 10.41564, 2.61419, 0, null],
		[ new Date(2018,3,18,20,19,44), 0, 552.9891, 10.28142, 0, null],
		[ new Date(2018,3,18,20,19,43), 0, 42.2718, 3.6769, 0, null],
		[ new Date(2018,3,18,20,19,42), 0, 660.3548, 11.00816, 0, null],
		[ new Date(2018,3,18,20,19,41), 0, 456.0457, 4.91356, 0, null],
		[ new Date(2018,3,18,20,19,40), 0, 9.9709, 3.9979, 0, null],
		[ new Date(2018,3,18,20,19,39), 0, 461.1591, 12.8953, 0, null],
		[ new Date(2018,3,18,20,19,38), 0, 7.73887, 0.1461, 0, null],
		[ new Date(2018,3,18,20,19,37), 0, 439.8139, 11.14298, 0, null],
		[ new Date(2018,3,18,20,19,36), 0, 175.2233, 3.8104, 0, null],
		[ new Date(2018,3,18,20,19,35), 0, 722.2876, 9.203, 0, null],
		[ new Date(2018,3,18,20,19,34), 0, 539.0621, 6.9359, 0, null],
		[ new Date(2018,3,18,20,19,33), 0, 40.99766, 7.47204, 0, null],
		[ new Date(2018,3,18,20,19,32), 0, 544.9038, 7.2709, 0, null],
		[ new Date(2018,3,18,20,19,31), 0, 374.6894, 7.37296, 0, null],
		[ new Date(2018,3,18,20,19,30), 0, 278.0395, 7.834, 0, null],
		[ new Date(2018,3,18,20,19,29), 0, 441.1581, 3.8429, 0, null],
		[ new Date(2018,3,18,20,19,28), 0, 1052.1109, 11.5135, 0, null],
		[ new Date(2018,3,18,20,19,27), 0, 33.32706, 6.62518, 0, null],
		[ new Date(2018,3,18,20,19,26), 0, 655.5171, 9.0938, 0, null],
		[ new Date(2018,3,18,20,19,25), 0, 483.3282, 7.24688, 0, null],
		[ new Date(2018,3,18,20,19,24), 0, 297.9557, 2.9407, 0, null],
		[ new Date(2018,3,18,20,19,23), 0, 875.7577, 12.9754, 0, null],
		[ new Date(2018,3,18,20,19,22), 0, 461.8976, 4.93038, 0, null],
		[ new Date(2018,3,18,20,19,21), 0, 50.18899, 1.16386, 0, null],
		[ new Date(2018,3,18,20,19,20), 0, 596.4862, 13.6672, 0, null],
		[ new Date(2018,3,18,20,19,19), 0, 545.5088, 10.03613, 0, null],
		[ new Date(2018,3,18,20,19,18), 0, 896.3673, 10.56828, 0, null],
		[ new Date(2018,3,18,20,19,17), 0, 1087.9949, 7.7361, 0, null],
		[ new Date(2018,3,18,20,19,16), 0, 137.74237, 3.00683, 0, null],
		[ new Date(2018,3,18,20,19,15), 0, 145.8892, 7.441, 0, null],
		[ new Date(2018,3,18,20,19,14), 0, 445.8773, 5.48105, 0, null],
		[ new Date(2018,3,18,20,19,13), 0, 207.1477, 3.7171, 0, null],
		[ new Date(2018,3,18,20,19,12), 0, 442.1759, 7.27891, 0, null],
		[ new Date(2018,3,18,20,19,11), 0, 577.069, 3.845, 0, null],
		[ new Date(2018,3,18,20,19,10), 0, 35.2212, 2.7104, 0, null],
		[ new Date(2018,3,18,20,19,9), 0, 561.0742, 11.17987, 0, null],
		[ new Date(2018,3,18,20,19,8), 0, 995.9026, 5.7563, 0, null],
		[ new Date(2018,3,18,20,19,7), 0, 5.994, 1.9979, 0, null],
		[ new Date(2018,3,18,20,19,6), 0, 114.42781, 8.99096, 0, null],
		[ new Date(2018,3,18,20,19,5), 0, 762.1906, 8.2851, 0, null],
		[ new Date(2018,3,18,20,19,4), 0, 9.58731, 1.14099, 0, null],
		[ new Date(2018,3,18,20,19,3), 0, 638.3031, 12.73496, 0, null],
		[ new Date(2018,3,18,20,19,2), 0, 423.814, 4.9622, 0, null],
		[ new Date(2018,3,18,20,19,1), 0, 26.41585, 2.32103, 0, null],
		[ new Date(2018,3,18,20,19,0), 0, 1009.9011, 14.9329, 0, null],
		[ new Date(2018,3,18,20,18,59), 0, 645.6413, 1.9868, 0, null],
		[ new Date(2018,3,18,20,18,58), 0, 41.10423, 5.56438, 0, null],
		[ new Date(2018,3,18,20,18,57), 0, 463.0604, 12.7648, 0, null],
		[ new Date(2018,3,18,20,18,56), 0, 369.3286, 5.5263, 0, null],
		[ new Date(2018,3,18,20,18,55), 0, 663.381, 4.67664, 0, null],
		[ new Date(2018,3,18,20,18,54), 0, 421.0059, 9.7491, 0, null],
		[ new Date(2018,3,18,20,18,53), 0, 497.6542, 6.40809, 0, null],
		[ new Date(2018,3,18,20,18,52), 0, 965.2122, 5.03798, 0, null],
		[ new Date(2018,3,18,20,18,51), 0, 306.7247, 7.695, 0, null],
		[ new Date(2018,3,18,20,18,50), 0, 239.9136, 5.61838, 0, null],
		[ new Date(2018,3,18,20,18,49), 0, 835.9552, 14.7566, 0, null],
		[ new Date(2018,3,18,20,18,48), 0, 676.355, 6.40054, 0, null],
		[ new Date(2018,3,18,20,18,47), 0, 566.0555, 4.8975, 0, null],
		[ new Date(2018,3,18,20,18,46), 0, 287.4277, 4.62353, 0, null],
		[ new Date(2018,3,18,20,18,45), 0, 1064.7418, 16.31529, 0, null],
		[ new Date(2018,3,18,20,18,44), 0, 758.269, 2.8586, 0, null],
		[ new Date(2018,3,18,20,18,43), 0, 303.7562, 8.31031, 0, null],
		[ new Date(2018,3,18,20,18,42), 0, 787.5258, 11.1009, 0, null],
		[ new Date(2018,3,18,20,18,41), 0, 661.1913, 7.29952, 0, null],
		[ new Date(2018,3,18,20,18,40), 0, 390.3616, 6.94033, 0, null],
		[ new Date(2018,3,18,20,18,39), 0, 1000.4677, 12.95303, 0, null],
		[ new Date(2018,3,18,20,18,38), 0, 884.5383, 2.9954, 0, null],
		[ new Date(2018,3,18,20,18,37), 0, 148.1649, 2.89407, 0, null],
		[ new Date(2018,3,18,20,18,36), 0, 286.7476, 4.8628, 0, null],
		[ new Date(2018,3,18,20,18,35), 0, 139.55, 4.4163, 0, null],
		[ new Date(2018,3,18,20,18,34), 0, 626.0241, 8.2284, 0, null],
		[ new Date(2018,3,18,20,18,33), 0, 15.7992, 3.88288, 0, null],
		[ new Date(2018,3,18,20,18,32), 0, 821.246, 14.6138, 0, null],
		[ new Date(2018,3,18,20,18,31), 0, 558.5988, 4.98333, 0, null],
		[ new Date(2018,3,18,20,18,30), 0, 75.0146, 3.8485, 0, null],
		[ new Date(2018,3,18,20,18,29), 0, 20.12255, 2.18089, 0, null],
		[ new Date(2018,3,18,20,18,28), 0, 1077.6721, 16.62424, 0, null],
		[ new Date(2018,3,18,20,18,27), 0, 914.6692, 6.93348, 0, null],
		[ new Date(2018,3,18,20,18,26), 0, 36.1303, 2.8524, 0, null],
		[ new Date(2018,3,18,20,18,25), 0, 236.6478, 4.71137, 0, null],
		[ new Date(2018,3,18,20,18,24), 0, 600.8612, 6.51029, 0, null],
		[ new Date(2018,3,18,20,18,23), 0, 353.9863, 3.6391, 0, null],
		[ new Date(2018,3,18,20,18,22), 0, 807.6389, 11.96647, 0, null],
		[ new Date(2018,3,18,20,18,21), 0, 555.8444, 6.9369, 0, null],
		[ new Date(2018,3,18,20,18,20), 0, 117.01049, 2.99872, 0, null],
		[ new Date(2018,3,18,20,18,19), 0, 125.12539, 3.07386, 0, null],
		[ new Date(2018,3,18,20,18,18), 0, 1168.654, 15.0899, 0, null],
		[ new Date(2018,3,18,20,18,17), 0, 1031.693, 4.99606, 0, null],
		[ new Date(2018,3,18,20,18,16), 0, 128.2363, 4.7481, 0, null],
		[ new Date(2018,3,18,20,18,15), 0, 408.8007, 4.78525, 0, null],
		[ new Date(2018,3,18,20,18,14), 0, 966.0549, 9.3237, 0, null],
		[ new Date(2018,3,18,20,18,13), 0, 201.3103, 3.05972, 0, null],
		[ new Date(2018,3,18,20,18,12), 0, 918.8946, 13.79579, 0, null],
		[ new Date(2018,3,18,20,18,11), 0, 589.8424, 0.9933, 0, null],
		[ new Date(2018,3,18,20,18,10), 0, 336.3196, 5.73369, 0, null],
		[ new Date(2018,3,18,20,18,9), 0, 711.2698, 12.05051, 0, null],
		[ new Date(2018,3,18,20,18,8), 0, 886.511, 0.9977, 0, null],
		[ new Date(2018,3,18,20,18,7), 0, 178.3625, 4.88722, 0, null],
		[ new Date(2018,3,18,20,18,6), 0, 770.7992, 10.29621, 0, null],
		[ new Date(2018,3,18,20,18,5), 0, 541.2405, 8.48734, 0, null],
		[ new Date(2018,3,18,20,18,4), 0, 612.7154, 10.0525, 0, null],
		[ new Date(2018,3,18,20,18,3), 0, 538.015, 1.9724, 0, null],
		[ new Date(2018,3,18,20,18,2), 0, 1067.6439, 11.17658, 0, null],
		[ new Date(2018,3,18,20,18,1), 0, 857.6623, 5.9427, 0, null],
		[ new Date(2018,3,18,20,18,0), 0, 175.6659, 7.75212, 0, null],
		[ new Date(2018,3,18,20,17,59), 0, 733.7391, 11.182, 0, null],
		[ new Date(2018,3,18,20,17,58), 0, 903.4865, 10.26823, 0, null],
		[ new Date(2018,3,18,20,17,57), 0, 834.6328, 11.5403, 0, null],
		[ new Date(2018,3,18,20,17,56), 0, 130.99586, 0.14275, 0, null],
		[ new Date(2018,3,18,20,17,55), 0, 1113.5981, 10.2186, 0, null],
		[ new Date(2018,3,18,20,17,54), 0, 1059.3847, 6.91567, 0, null],
		[ new Date(2018,3,18,20,17,53), 0, 310.7563, 0.98969, 0, null],
		[ new Date(2018,3,18,20,17,52), 0, 242.5239, 3.963, 0, null],
		[ new Date(2018,3,18,20,17,51), 0, 556.9458, 10.04442, 0, null],
		[ new Date(2018,3,18,20,17,50), 0, 340.1246, 3.7482, 0, null],
		[ new Date(2018,3,18,20,17,49), 0, 226.9087, 4.60567, 0, null],
		[ new Date(2018,3,18,20,17,48), 0, 655.4618, 12.84554, 0, null],
		[ new Date(2018,3,18,20,17,47), 0, 564.7865, 2.936, 0, null],
		[ new Date(2018,3,18,20,17,46), 0, 24.3473, 2.14798, 0, null],
		[ new Date(2018,3,18,20,17,45), 0, 1100.2852, 13.92915, 0, null],
		[ new Date(2018,3,18,20,17,44), 0, 862.393, 3.961, 0, null],
		[ new Date(2018,3,18,20,17,43), 0, 124.89892, 2.09455, 0, null],
		[ new Date(2018,3,18,20,17,42), 0, 433.9758, 8.4463, 0, null],
		[ new Date(2018,3,18,20,17,41), 0, 765.6742, 7.4695, 0, null],
		[ new Date(2018,3,18,20,17,40), 0, 184.074, 3.7794, 0, null],
		[ new Date(2018,3,18,20,17,39), 0, 906.1591, 12.86292, 0, null],
		[ new Date(2018,3,18,20,17,38), 0, 551.2631, 6.88886, 0, null],
		[ new Date(2018,3,18,20,17,37), 0, 63.0667, 2.8669, 0, null],
		[ new Date(2018,3,18,20,17,36), 0, 1101.771, 13.2206, 0, null],
		[ new Date(2018,3,18,20,17,35), 0, 1024.2698, 4.9733, 0, null],
		[ new Date(2018,3,18,20,17,34), 0, 12.65747, 2.06831, 0, null],
		[ new Date(2018,3,18,20,17,33), 0, 319.6437, 7.56581, 0, null],
		[ new Date(2018,3,18,20,17,32), 0, 951.1258, 6.55573, 0, null],
		[ new Date(2018,3,18,20,17,31), 0, 218.4932, 3.7559, 0, null],
		[ new Date(2018,3,18,20,17,30), 0, 808.7603, 11.8771, 0, null],
		[ new Date(2018,3,18,20,17,29), 0, 685.7619, 3.9654, 0, null],
		[ new Date(2018,3,18,20,17,28), 0, 607.2867, 11.30671, 0, null],
		[ new Date(2018,3,18,20,17,27), 0, 1072.9932, 13.40955, 0, null],
		[ new Date(2018,3,18,20,17,26), 0, 514.7778, 3.9483, 0, null],
		[ new Date(2018,3,18,20,17,25), 0, 119.0198, 5.99191, 0, null],
		[ new Date(2018,3,18,20,17,24), 0, 754.279, 12.2827, 0, null],
		[ new Date(2018,3,18,20,17,23), 0, 761.1513, 5.652, 0, null],
		[ new Date(2018,3,18,20,17,22), 0, 878.0481, 9.23093, 0, null],
		[ new Date(2018,3,18,20,17,21), 0, 504.7376, 5.97819, 0, null],
		[ new Date(2018,3,18,20,17,20), 0, 655.3079, 8.44252, 0, null],
		[ new Date(2018,3,18,20,17,19), 0, 890.4381, 7.82407, 0, null],
		[ new Date(2018,3,18,20,17,18), 0, 943.4344, 5.9839, 0, null],
		[ new Date(2018,3,18,20,17,17), 0, 504.5954, 3.92075, 0, null],
		[ new Date(2018,3,18,20,17,16), 0, 1088.721, 13.70688, 0, null],
		[ new Date(2018,3,18,20,17,15), 0, 854.9518, 10.8537, 0, null],
		[ new Date(2018,3,18,20,17,14), 0, 865.8475, 7.7782, 0, null],
		[ new Date(2018,3,18,20,17,13), 0, 671.7809, 2.92166, 0, null],
		[ new Date(2018,3,18,20,17,12), 0, 669.8528, 8.43096, 0, null],
		[ new Date(2018,3,18,20,17,11), 0, 1016.2697, 7.9471, 0, null],
		[ new Date(2018,3,18,20,17,10), 0, 353.4934, 2.9095, 0, null],
		[ new Date(2018,3,18,20,17,9), 0, 702.4302, 3.9335, 0, null],
		[ new Date(2018,3,18,20,17,8), 0, 57.4035, 4.97558, 0, null],
		[ new Date(2018,3,18,20,17,7), 0, 991.6105, 10.1682, 0, null],
		[ new Date(2018,3,18,20,17,6), 0, 18.53791, 3.26926, 0, null],
		[ new Date(2018,3,18,20,17,5), 0, 953.2879, 13.9149, 0, null],
		[ new Date(2018,3,18,20,17,4), 0, 581.9688, 3.96911, 0, null],
		[ new Date(2018,3,18,20,17,3), 0, 133.8115, 1.9262, 0, null],
		[ new Date(2018,3,18,20,17,2), 0, 15.42248, 4.0743, 0, null],
		[ new Date(2018,3,18,20,17,1), 0, 1171.1671, 10.26097, 0, null],
		[ new Date(2018,3,18,20,17,0), 0, 1180.4407, 2.9944, 0, null],
		[ new Date(2018,3,18,20,16,59), 0, 4.63062, 4.91573, 0, null],
		[ new Date(2018,3,18,20,16,58), 0, 225.7755, 5.84691, 0, null],
		[ new Date(2018,3,18,20,16,57), 0, 504.6185, 5.77336, 0, null],
		[ new Date(2018,3,18,20,16,56), 0, 1044.3025, 9.46044, 0, null],
		[ new Date(2018,3,18,20,16,55), 0, 258.7778, 1.8716, 0, null],
		[ new Date(2018,3,18,20,16,54), 0, 690.2409, 9.24392, 0, null],
		[ new Date(2018,3,18,20,16,53), 0, 455.2373, 7.8406, 0, null],
		[ new Date(2018,3,18,20,16,52), 0, 104.6602, 0, 0, null],
		[ new Date(2018,3,18,20,16,51), 0, 508.334, 4.85583, 0, null],
		[ new Date(2018,3,18,20,16,50), 0, 807.8441, 14.76562, 0, null],
		[ new Date(2018,3,18,20,16,49), 0, 1077.9609, 1.8652, 0, null],
		[ new Date(2018,3,18,20,16,48), 0, 118.1909, 4.8043, 0, null],
		[ new Date(2018,3,18,20,16,47), 0, 730.3022, 11.23129, 0, null],
		[ new Date(2018,3,18,20,16,46), 0, 1071.7898, 5.8887, 0, null],
		[ new Date(2018,3,18,20,16,45), 0, 377.6569, 7.5123, 0, null],
		[ new Date(2018,3,18,20,16,44), 0, 766.5104, 11.77038, 0, null],
		[ new Date(2018,3,18,20,16,43), 0, 595.9942, 0.03683, 0, null],
		[ new Date(2018,3,18,20,16,42), 0, 83.0636, 2.8007, 0, null],
		[ new Date(2018,3,18,20,16,41), 0, 1140.0791, 14.01015, 0, null],
		[ new Date(2018,3,18,20,16,40), 0, 984.9789, 2.03497, 0, null],
		[ new Date(2018,3,18,20,16,39), 0, 185.3088, 3.9605, 0, null],
		[ new Date(2018,3,18,20,16,38), 0, 457.2386, 6.7204, 0, null],
		[ new Date(2018,3,18,20,16,37), 0, 668.5612, 7.69181, 0, null],
		[ new Date(2018,3,18,20,16,36), 0, 986.0598, 7.6432, 0, null],
		[ new Date(2018,3,18,20,16,35), 0, 875.9665, 12.84797, 0, null],
		[ new Date(2018,3,18,20,16,34), 0, 491.9654, 3.965, 0, null],
		[ new Date(2018,3,18,20,16,33), 0, 237.4702, 4.83734, 0, null],
		[ new Date(2018,3,18,20,16,32), 0, 916.3474, 11.2052, 0, null],
		[ new Date(2018,3,18,20,16,31), 0, 1037.7643, 2.9908, 0, null],
		[ new Date(2018,3,18,20,16,30), 0, 284.5047, 5.62734, 0, null],
		[ new Date(2018,3,18,20,16,29), 0, 550.9208, 7.74996, 0, null],
		[ new Date(2018,3,18,20,16,28), 0, 1308.2776, 8.76042, 0, null],
		[ new Date(2018,3,18,20,16,27), 0, 618.1071, 9.44823, 0, null],
		[ new Date(2018,3,18,20,16,26), 0, 989.3426, 10.3607, 0, null],
		[ new Date(2018,3,18,20,16,25), 0, 329.8914, 4.94678, 0, null],
		[ new Date(2018,3,18,20,16,24), 0, 998.3766, 10.2554, 0, null],
		[ new Date(2018,3,18,20,16,23), 0, 1368.2849, 10.9246, 0, null],
		[ new Date(2018,3,18,20,16,22), 0, 330.7859, 2.89926, 0, null],
		[ new Date(2018,3,18,20,16,21), 0, 672.9695, 2.03092, 0, null],
		[ new Date(2018,3,18,20,16,20), 0, 1415.5239, 6.9437, 0, null],
		[ new Date(2018,3,18,20,16,19), 0, 8.28959, 2.05607, 0, null],
		[ new Date(2018,3,18,20,16,18), 0, 519.7458, 6.53976, 0, null],
		[ new Date(2018,3,18,20,16,17), 0, 557.9175, 8.3841, 0, null],
		[ new Date(2018,3,18,20,16,16), 0, 8.1975, 1.06716, 0, null],
		[ new Date(2018,3,18,20,16,15), 0, 602.3308, 6.5373, 0, null],
		[ new Date(2018,3,18,20,16,14), 0, 980.0661, 11.65952, 0, null],
		[ new Date(2018,3,18,20,16,13), 0, 347.1234, 0.9694, 0, null],
		[ new Date(2018,3,18,20,16,12), 0, 12.31085, 1.11088, 0, null],
		[ new Date(2018,3,18,20,16,11), 0, 804.7994, 10.39733, 0, null],
		[ new Date(2018,3,18,20,16,10), 0, 900.1202, 5.7701, 0, null],
		[ new Date(2018,3,18,20,16,9), 0, 728.1119, 0.9955, 0, null],
		[ new Date(2018,3,18,20,16,8), 0, 28.53735, 4.9984, 0, null],
		[ new Date(2018,3,18,20,16,7), 0, 295.4536, 3.91205, 0, null],
		[ new Date(2018,3,18,20,16,6), 0, 667.7344, 9.5243, 0, null],
		[ new Date(2018,3,18,20,16,5), 0, 1363.3584, 10.71078, 0, null],
		[ new Date(2018,3,18,20,16,4), 0, 923.2987, 4.822, 0, null],
		[ new Date(2018,3,18,20,16,3), 0, 10.80542, 2.34817, 0, null],
		[ new Date(2018,3,18,20,16,2), 0, 965.1908, 11.10823, 0, null],
		[ new Date(2018,3,18,20,16,1), 0, 754.0108, 4.93629, 0, null],
		[ new Date(2018,3,18,20,16,0), 0, 104.5535, 1.9026, 0, null],
		[ new Date(2018,3,18,20,15,59), 0, 94.92143, 4.70385, 0, null],
		[ new Date(2018,3,18,20,15,58), 0, 1182.6405, 14.8884, 0, null],
		[ new Date(2018,3,18,20,15,57), 0, 1353.8142, 0.9998, 0, null],
		[ new Date(2018,3,18,20,15,56), 0, 11.8562, 4.97308, 0, null],
		[ new Date(2018,3,18,20,15,55), 0, 159.93154, 3.04518, 0, null],
		[ new Date(2018,3,18,20,15,54), 0, 888.4285, 7.79586, 0, null],
		[ new Date(2018,3,18,20,15,53), 0, 881.5242, 10.61705, 0, null],
		[ new Date(2018,3,18,20,15,52), 0, 1024.0047, 8.50765, 0, null],
		[ new Date(2018,3,18,20,15,51), 0, 1905.793, 9.004, 0, null],
		[ new Date(2018,3,18,20,15,50), 0, 16.68394, 2.66282, 0, null],
		[ new Date(2018,3,18,20,15,49), 0, 1108.2715, 10.10818, 0, null],
		[ new Date(2018,3,18,20,15,48), 0, 655.9697, 4.9545, 0, null],
		[ new Date(2018,3,18,20,15,47), 0, 121.28174, 2.90641, 0, null],
		[ new Date(2018,3,18,20,15,46), 0, 52.9417, 0.999, 0, null],
		[ new Date(2018,3,18,20,15,45), 0, 1254.249, 10.49178, 0, null],
		[ new Date(2018,3,18,20,15,44), 0, 739.8152, 9.18063, 0, null],
		[ new Date(2018,3,18,20,15,43), 0, 1144.8696, 0.938, 0, null],
		[ new Date(2018,3,18,20,15,42), 0, 135.0962, 4.8946, 0, null],
		[ new Date(2018,3,18,20,15,41), 0, 479.5564, 7.84361, 0, null],
		[ new Date(2018,3,18,20,15,40), 0, 791.9178, 4.835, 0, null],
		[ new Date(2018,3,18,20,15,39), 0, 748.5107, 2.97993, 0, null],
		[ new Date(2018,3,18,20,15,38), 0, 861.7573, 7.89857, 0, null],
		[ new Date(2018,3,18,20,15,37), 0, 2230.426, 3.57422, 0, null],
		[ new Date(2018,3,18,20,15,36), 0, 933.7931, 5.8276, 0, null],
		[ new Date(2018,3,18,20,15,35), 0, 595.698, 9.33447, 0, null],
		[ new Date(2018,3,18,20,15,34), 0, 913.6018, 7.7089, 0, null],
		[ new Date(2018,3,18,20,15,33), 0, 101.1015, 2.8616, 0, null],
		[ new Date(2018,3,18,20,15,32), 0, 79.999, 2.8584, 0, null],
		[ new Date(2018,3,18,20,15,31), 0, 1171.6744, 13.11826, 0, null],
		[ new Date(2018,3,18,20,15,30), 0, 431.5925, 4.9654, 0, null],
		[ new Date(2018,3,18,20,15,29), 0, 840.7609, 3.9798, 0, null],
		[ new Date(2018,3,18,20,15,28), 0, 80.2842, 6.6906, 0, null],
		[ new Date(2018,3,18,20,15,27), 0, 696.5688, 3.90747, 0, null],
		[ new Date(2018,3,18,20,15,26), 0, 431.7305, 4.87584, 0, null],
		[ new Date(2018,3,18,20,15,25), 0, 1041.4121, 5.87707, 0, null],
		[ new Date(2018,3,18,20,15,24), 0, 2053.222, 2.9067, 0, null],
		[ new Date(2018,3,18,20,15,23), 0, 489.3681, 5.7037, 0, null],
		[ new Date(2018,3,18,20,15,22), 0, 975.6169, 9.3662, 0, null],
		[ new Date(2018,3,18,20,15,21), 0, 636.5633, 5.9209, 0, null],
		[ new Date(2018,3,18,20,15,20), 0, 159.15336, 3.82267, 0, null],
		[ new Date(2018,3,18,20,15,19), 0, 147.8395, 0.9927, 0, null],
		[ new Date(2018,3,18,20,15,18), 0, 1078.3931, 14.9287, 0, null],
		[ new Date(2018,3,18,20,15,17), 0, 7.9904, 3.9964, 0, null],
		[ new Date(2018,3,18,20,15,16), 0, 2.45776, 1.59782, 0, null],
		[ new Date(2018,3,18,20,15,15), 0, 7.55214, 1.41372, 0, null],
		[ new Date(2018,3,18,20,15,14), 0, 1.9998, 3.9996, 0, null],
		[ new Date(2018,3,18,20,15,13), 0, 2.76402, 1.33123, 0, null],
		[ new Date(2018,3,18,20,15,12), 0, 10.9853, 0.9988, 0, null],
		[ new Date(2018,3,18,20,15,11), 0, 2.5653, 3.39127, 0, null],
		[ new Date(2018,3,18,20,15,10), 0, 2.06737, 0.02236, 0, null],
		[ new Date(2018,3,18,20,15,9), 0, 7.9977, 1.9994, 0, null],
		[ new Date(2018,3,18,20,15,8), 0, 1.4998, 4.4997, 0, null],
		[ new Date(2018,3,18,20,15,7), 0, 3.29299, 0.82524, 0, null],
		[ new Date(2018,3,18,20,15,6), 0, 10.9927, 2.9974, 0, null],
		[ new Date(2018,3,18,20,15,5), 0, 3.4244, 2.5689, 0, null],
		[ new Date(2018,3,18,20,15,4), 0, 2.37297, 0.75284, 0, null],
		[ new Date(2018,3,18,20,15,3), 0, 13.0548, 0.9325, 0, null],
		[ new Date(2018,3,18,20,15,2), 0, 0.9998, 3.9996, 0, null],
		[ new Date(2018,3,18,20,15,1), 0, 1.35777, 0.75287, 0, null],
		[ new Date(2018,3,18,20,15,0), 0, 10.90942, 1.01247, 0, null],
		[ new Date(2018,3,18,20,14,59), 0, 1.9972, 1.9972, 0, null],
		[ new Date(2018,3,18,20,14,58), 0, 1.11257, 3.9803, 0, null],
		[ new Date(2018,3,18,20,14,57), 0, 10.9907, 1.999, 0, null],
		[ new Date(2018,3,18,20,14,56), 0, 1.7578, 5.20859, 0, null],
		[ new Date(2018,3,18,20,14,55), 0, 2.3994, 1.5996, 0, null],
		[ new Date(2018,3,18,20,14,54), 0, 25.08547, 1.6885, 0, null],
		[ new Date(2018,3,18,20,14,53), 0, 1532.2522, 5.9784, 0, null],
		[ new Date(2018,3,18,20,14,52), 0, 44.2713, 2.6576, 0, null],
		[ new Date(2018,3,18,20,14,51), 0, 9.89986, 1.01125, 0, null],
		[ new Date(2018,3,18,20,14,50), 0, 0.9998, 1.9996, 0, null],
		[ new Date(2018,3,18,20,14,49), 0, 1.1132, 1.00974, 0, null],
		[ new Date(2018,3,18,20,14,48), 0, 11.1398, 1.8565, 0, null],
		[ new Date(2018,3,18,20,14,47), 0, 2.49948, 2.49042, 0, null],
		[ new Date(2018,3,18,20,14,46), 0, 2.3997, 1.5998, 0, null],
		[ new Date(2018,3,18,20,14,45), 0, 10.9973, 0.9999, 0, null],
		[ new Date(2018,3,18,20,14,44), 0, 2.7772, 2.2217, 0, null],
		[ new Date(2018,3,18,20,14,43), 0, 1.07105, 1.0166, 0, null],
		[ new Date(2018,3,18,20,14,42), 0, 7.4977, 2.4991, 0, null],
		[ new Date(2018,3,18,20,14,41), 0, 2.39598, 1.60472, 0, null],
		[ new Date(2018,3,18,20,14,40), 0, 2.13594, 1.98823, 0, null],
		[ new Date(2018,3,18,20,14,39), 0, 14.056, 0.9369, 0, null],
		[ new Date(2018,3,18,20,14,38), 0, 0.9997, 0, 0, null],
		[ new Date(2018,3,18,20,14,37), 0, 1.03268, 4.96781, 0, null],
		[ new Date(2018,3,18,20,14,36), 0, 3.9989, 1.9999, 0, null],
		[ new Date(2018,3,18,20,14,35), 0, 7.1104, 0.8887, 0, null],
		[ new Date(2018,3,18,20,14,34), 0, 1.51636, 4.4735, 0, null],
		[ new Date(2018,3,18,20,14,33), 0, 3.06605, 1.978, 0, null],
		[ new Date(2018,3,18,20,14,32), 0, 8.93731, 0.0332, 0, null],
		[ new Date(2018,3,18,20,14,31), 0, 2.9985, 2.9985, 0, null],
		[ new Date(2018,3,18,20,14,30), 0, 3.0936, 2.97844, 0, null],
		[ new Date(2018,3,18,20,14,29), 0, 11.065, 0.9225, 0, null],
		[ new Date(2018,3,18,20,14,28), 0, 0, 6, 0, null],
		[ new Date(2018,3,18,20,14,27), 0, 2.79293, 1.31949, 0, null],
		[ new Date(2018,3,18,20,14,26), 0, 13.9982, 0, 0, null],
		[ new Date(2018,3,18,20,14,25), 0, 15.3737, 3.6176, 0, null],
		[ new Date(2018,3,18,20,14,24), 0, 1.75286, 3.97098, 0, null],
		[ new Date(2018,3,18,20,14,23), 0, 68.9256, 0.9201, 0, null],
		[ new Date(2018,3,18,20,14,22), 0, 3.02509, 2.98138, 0, null],
		[ new Date(2018,3,18,20,14,21), 0, 4.9957, 0.9991, 0, null],
		[ new Date(2018,3,18,20,14,20), 0, 7.91109, 1.03358, 0, null],
		[ new Date(2018,3,18,20,14,19), 0, 0.03963, 3.97335, 0, null],
		[ new Date(2018,3,18,20,14,18), 0, 3.498, 1.499, 0, null],
		[ new Date(2018,3,18,20,14,17), 0, 7.2673, 2.7257, 0, null],
		[ new Date(2018,3,18,20,14,16), 0, 2.00954, 2.9913, 0, null],
		[ new Date(2018,3,18,20,14,15), 0, 2.96175, 2.13181, 0, null],
		[ new Date(2018,3,18,20,14,14), 0, 11.9893, 0.9992, 0, null],
		[ new Date(2018,3,18,20,14,13), 0, 1.52183, 3.50031, 0, null],
		[ new Date(2018,3,18,20,14,12), 0, 3.56168, 3.46224, 0, null],
		[ new Date(2018,3,18,20,14,11), 0, 8.9963, 0, 0, null],
		[ new Date(2018,3,18,20,14,10), 0, 2.9999, 3.0001, 0, null],
		[ new Date(2018,3,18,20,14,9), 0, 3.46825, 0.5762, 0, null],
		[ new Date(2018,3,18,20,14,8), 0, 6.96702, 1.03345, 0, null],
		[ new Date(2018,3,18,20,14,7), 0, 3.9987, 3.9989, 0, null],
		[ new Date(2018,3,18,20,14,6), 0, 0.10519, 1.99521, 0, null],
		[ new Date(2018,3,18,20,14,5), 0, 9.4249, 1.5708, 0, null],
		[ new Date(2018,3,18,20,14,4), 0, 45.06516, 3.89667, 0, null],
		[ new Date(2018,3,18,20,14,3), 0, 932.1607, 2.9503, 0, null],
		[ new Date(2018,3,18,20,14,2), 0, 8.94633, 2.01569, 0, null],