	        [ new Date(2018,3,18,20,23,21), 0.03125, 12490.18, 21.02344, 0, null],
		[ new Date(2018,3,18,20,23,20), 0.03125, 12490.178, 21.02344, 0, null],
		[ new Date(2018,3,18,20,23,19), 0.03125, 12490.078, 21.02344, 0, null],
		[ new Date(2018,3,18,20,23,18), 0.03125, 12490.082, 21.02344, 0, null],
		[ new Date(2018,3,18,20,23,17), 0.03125, 12490.078, 21.02344, 0, null],
		[ new Date(2018,3,18,20,23,16), 0.03125, 12490.078, 21.02344, 0, null],
		[ new Date(2018,3,18,20,23,15), 0.03125, 12490.082, 21.02344, 0, null],
		[ new Date(2018,3,18,20,23,14), 0.03125, 12490.066, 21.02344, 0, null],
		[ new Date(2018,3,18,20,23,13), 0.03125, 12489.445, 21.02344, 0, null],
		[ new Date(2018,3,18,20,23,12), 0.03125, 12489.41, 21.02344, 0, null],
		[ new Date(2018,3,18,20,23,11), 0.03125, 12489.41, 21.02344, 0, null],
		[ new Date(2018,3,18,20,23,10), 0.03125, 12489.151, 21.02344, 0, null],
		[ new Date(2018,3,18,20,23,9), 0.03125, 12470.598, 21.02344, 0, null],
		[ new Date(2018,3,18,20,23,8), 0.03125, 12470.598, 21.02344, 0, null],
		[ new Date(2018,3,18,20,23,7), 0.03125, 12470.602, 21.02344, 0, null],
		[ new Date(2018,3,18,20,23,6), 0.03125, 12470.598, 21.02344, 0, null],
		[ new Date(2018,3,18,20,23,5), 0.03125, 12470.594, 21.02344, 0, null],
		[ new Date(2018,3,18,20,23,4), 0.03125, 12470.598, 21.02344, 0, null],
		[ new Date(2018,3,18,20,23,3), 0.03125, 12470.594, 21.02344, 0, null],
		[ new Date(2018,3,18,20,23,2), 0.03125, 12470.598, 21.02344, 0, null],
		[ new Date(2018,3,18,20,23,1), 0.03125, 12474.602, 21.02344, 0, null],
		[ new Date(2018,3,18,20,23,0), 0.03125, 12474.598, 21.02344, 0, null],
		[ new Date(2018,3,18,20,22,59), 0.03125, 12474.598, 21.02344, 0, null],
		[ new Date(2018,3,18,20,22,58), 0.03125, 12474.594, 21.02344, 0, null],
		[ new Date(2018,3,18,20,22,57), 0.03125, 12474.602, 21.02344, 0, null],
		[ new Date(2018,3,18,20,22,56), 0.03125, 12474.602, 21.02344, 0, null],
		[ new Date(2018,3,18,20,22,55), 0.03125, 12474.597, 21.02344, 0, null],
		[ new Date(2018,3,18,20,22,54), 0.03125, 12474.578, 21.02344, 0, null],
		[ new Date(2018,3,18,20,22,53), 0.03125, 12474.578, 21.02344, 0, null],
		[ new Date(2018,3,18,20,22,52), 0.03125, 12474.578, 21.02344, 0, null],
		[ new Date(2018,3,18,20,22,51), 0.03125, 12474.578, 21.02344, 0, null],
		[ new Date(2018,3,18,20,22,50), 0.03125, 12474.578, 21.02344, 0, null],
		[ new Date(2018,3,18,20,22,49), 0.03125, 12477.086, 21.02344, 0, null],
		[ new Date(2018,3,18,20,22,48), 0.03125, 12477.082, 21.02344, 0, null],
		[ new Date(2018,3,18,20,22,47), 0.03125, 12477.274, 21.02013, 0, null],
		[ new Date(2018,3,18,20,22,46), 0.03125, 12477.082, 20.80469, 0, null],
		[ new Date(2018,3,18,20,22,45), 0.03125, 12477.082, 20.80469, 0, null],
		[ new Date(2018,3,18,20,22,44), 0.03125, 12477.012, 21.02344, 0, null],
		[ new Date(2018,3,18,20,22,43), 0.03125, 12477.012, 21.02344, 0, null],
		[ new Date(2018,3,18,20,22,42), 0.03125, 12477.012, 21.02344, 0, null],
		[ new Date(2018,3,18,20,22,41), 0.03125, 12477.016, 21.02344, 0, null],
		[ new Date(2018,3,18,20,22,40), 0.03125, 12477.012, 21.02344, 0, null],
		[ new Date(2018,3,18,20,22,39), 0.03125, 12477.012, 21.02344, 0, null],
		[ new Date(2018,3,18,20,22,38), 0.03125, 12477.016, 21.02344, 0, null],
		[ new Date(2018,3,18,20,22,37), 0.03125, 12477.012, 21.02344, 0, null],
		[ new Date(2018,3,18,20,22,36), 0.03125, 12477.012, 21.02344, 0, null],
		[ new Date(2018,3,18,20,22,35), 0.03125, 12478.504, 21.02344, 0, null],
		[ new Date(2018,3,18,20,22,34), 0.03125, 12478.5, 21.02344, 0, null],
		[ new Date(2018,3,18,20,22,33), 0.03125, 12478.434, 21.02344, 0, null],
		[ new Date(2018,3,18,20,22,32), 0.03125, 12478.43, 21.02344, 0, null],
		[ new Date(2018,3,18,20,22,31), 0.03125, 12478.426, 21.02344, 0, null],
		[ new Date(2018,3,18,20,22,30), 0.03125, 12478.43, 21.02344, 0, null],
		[ new Date(2018,3,18,20,22,29), 0.03125, 12478.426, 21.02344, 0, null],
		[ new Date(2018,3,18,20,22,28), 0.03125, 12478.43, 21.02344, 0, null],
		[ new Date(2018,3,18,20,22,27), 0.03125, 12478.426, 21.02344, 0, null],
		[ new Date(2018,3,18,20,22,26), 0.03125, 12478.418, 21.02344, 0, null],
		[ new Date(2018,3,18,20,22,25), 0.03125, 12478.422, 21.02344, 0, null],
		[ new Date(2018,3,18,20,22,24), 0.03125, 12466.422, 21.02344, 0, null],
		[ new Date(2018,3,18,20,22,23), 0.03125, 12466.418, 21.02344, 0, null],
		[ new Date(2018,3,18,20,22,22), 0.03125, 12466.418, 21.02344, 0, null],
		[ new Date(2018,3,18,20,22,21), 0.03125, 12466.418, 21.02344, 0, null],
		[ new Date(2018,3,18,20,22,20), 0.03125, 12466.422, 21.02344, 0, null],
		[ new Date(2018,3,18,20,22,19), 0.03125, 12466.422, 21.02344, 0, null],
		[ new Date(2018,3,18,20,22,18), 0.03125, 12466.418, 21.02344, 0, null],
		[ new Date(2018,3,18,20,22,17), 0.03125, 12466.422, 21.02344, 0, null],
		[ new Date(2018,3,18,20,22,16), 0.03125, 12466.414, 21.02344, 0, null],
		[ new Date(2018,3,18,20,22,15), 0.03125, 12466.414, 21.02344, 0, null],
		[ new Date(2018,3,18,20,22,14), 0.03125, 12466.418, 21.02344, 0, null],
		[ new Date(2018,3,18,20,22,13), 0.03125, 12466.414, 21.02344, 0, null],
		[ new Date(2018,3,18,20,22,12), 0.03125, 12466.414, 21.02344, 0, null],
		[ new Date(2018,3,18,20,22,11), 0.03125, 12466.418, 21.02344, 0, null],
		[ new Date(2018,3,18,20,22,10), 0.03125, 12466.418, 21.02344, 0, null],
		[ new Date(2018,3,18,20,22,9), 0.03125, 12466.414, 21.02344, 0, null],
		[ new Date(2018,3,18,20,22,8), 0.03125, 12466.41, 21.02344, 0, null],
		[ new Date(2018,3,18,20,22,7), 0.03125, 12466.406, 21.02344, 0, null],
		[ new Date(2018,3,18,20,22,6), 0.03125, 12466.402, 21.02344, 0, null],
		[ new Date(2018,3,18,20,22,5), 0.03125, 12466.406, 21.02344, 0, null],
		[ new Date(2018,3,18,20,22,4), 0.03125, 12466.406, 21.02344, 0, null],
		[ new Date(2018,3,18,20,22,3), 0.03125, 12466.406, 21.02344, 0, null],
		[ new Date(2018,3,18,20,22,2), 0.03125, 12466.389, 21.02344, 0, null],
		[ new Date(2018,3,18,20,22,1), 0.03125, 12465.133, 21.02344, 0, null],
		[ new Date(2018,3,18,20,22,0), 0.03125, 12464.41, 21.02344, 0, null],
		[ new Date(2018,3,18,20,21,59), 0.03125, 12464.406, 21.02344, 0, null],
		[ new Date(2018,3,18,20,21,58), 0.03125, 12464.406, 21.02344, 0, null],
		[ new Date(2018,3,18,20,21,57), 0.03125, 12464.402, 21.02344, 0, null],
		[ new Date(2018,3,18,20,21,56), 0.03125, 12464.402, 21.02344, 0, null],
		[ new Date(2018,3,18,20,21,55), 0.03125, 12464.402, 21.02344, 0, null],
		[ new Date(2018,3,18,20,21,54), 0.03125, 12464.402, 21.02344, 0, null],
		[ new Date(2018,3,18,20,21,53), 0.03125, 12464.406, 21.02344, 0, null],
		[ new Date(2018,3,18,20,21,52), 0.03125, 12464.406, 21.02344, 0, null],
		[ new Date(2018,3,18,20,21,51), 0.03125, 12464.402, 21.02344, 0, null],
		[ new Date(2018,3,18,20,21,50), 0.03125, 12464.407, 21.02344, 0, null],
		[ new Date(2018,3,18,20,21,49), 0.03125, 12464.477, 21.02344, 0, null],
		[ new Date(2018,3,18,20,21,48), 0.03125, 12464.477, 21.02344, 0, null],
		[ new Date(2018,3,18,20,21,47), 0.03125, 12464.473, 21.02344, 0, null],
		[ new Date(2018,3,18,20,21,46), 0.03125, 12464.473, 21.02344, 0, null],
		[ new Date(2018,3,18,20,21,45), 0.03125, 12464.477, 21.02344, 0, null],
		[ new Date(2018,3,18,20,21,44), 0.03125, 12464.473, 21.02344, 0, null],
		[ new Date(2018,3,18,20,21,43), 0.03125, 12464.473, 21.02344, 0, null],
		[ new Date(2018,3,18,20,21,42), 0.03125, 12464.477, 21.02344, 0, null],
		[ new Date(2018,3,18,20,21,41), 0.03125, 12464.477, 21.02344, 0, null],
		[ new Date(2018,3,18,20,21,40), 0.03125, 12464.475, 21.02344, 0, null],
		[ new Date(2018,3,18,20,21,39), 0.03125, 12464.379, 21.02344, 0, null],
		[ new Date(2018,3,18,20,21,38), 0.03125, 12464.383, 21.02344, 0, null],
		[ new Date(2018,3,18,20,21,37), 0.03125, 12464.379, 21.02344, 0, null],
		[ new Date(2018,3,18,20,21,36), 0.03125, 12464.383, 21.02344, 0, null],
		[ new Date(2018,3,18,20,21,35), 0.03125, 12464.143, 21.02344, 0, null],
		[ new Date(2018,3,18,20,21,34), 0.03125, 12446.484, 21.02344, 0, null],
		[ new Date(2018,3,18,20,21,33), 0.03125, 12446.48, 21.02344, 0, null],
		[ new Date(2018,3,18,20,21,32), 0.03125, 12446.479, 21.02344, 0, null],
		[ new Date(2018,3,18,20,21,31), 0.03125, 12446.688, 21.02344, 0, null],
		[ new Date(2018,3,18,20,21,30), 0.03125, 12446.365, 21.02344, 0, null],
		[ new Date(2018,3,18,20,21,29), 0.03125, 12438.414, 21.02344, 0, null],
		[ new Date(2018,3,18,20,21,28), 0.03125, 12438.41, 21.02344, 0, null],
		[ new Date(2018,3,18,20,21,27), 0.03125, 12438.378, 21.02344, 0, null],
		[ new Date(2018,3,18,20,21,26), 0.03125, 12438.344, 21.02344, 0, null],
		[ new Date(2018,3,18,20,21,25), 0.03125, 12438.34, 21.02344, 0, null],
		[ new Date(2018,3,18,20,21,24), 0.03125, 12438.344, 21.02344, 0, null],
		[ new Date(2018,3,18,20,21,23), 0.03125, 12438.316, 21.02344, 0, null],
		[ new Date(2018,3,18,20,21,22), 0.03125, 12438.312, 21.02344, 0, null],
		[ new Date(2018,3,18,20,21,21), 0.03125, 12438.309, 21.02344, 0, null],
		[ new Date(2018,3,18,20,21,20), 0.03125, 12438.309, 21.02344, 0, null],
		[ new Date(2018,3,18,20,21,19), 0.03125, 12438.305, 21.02344, 0, null],
		[ new Date(2018,3,18,20,21,18), 0.03125, 12438.301, 21.02344, 0, null],
		[ new Date(2018,3,18,20,21,17), 0.03125, 12438.262, 21.02344, 0, null],
		[ new Date(2018,3,18,20,21,16), 0.03125, 12435.445, 21.02344, 0, null],
		[ new Date(2018,3,18,20,21,15), 0.03125, 12435.441, 21.02344, 0, null],
		[ new Date(2018,3,18,20,21,14), 0.03125, 12435.402, 21.02344, 0, null],
		[ new Date(2018,3,18,20,21,13), 0.03125, 12435.319, 21.02344, 0, null],
		[ new Date(2018,3,18,20,21,12), 0.03125, 12435.234, 21.02344, 0, null],
		[ new Date(2018,3,18,20,21,11), 0.03125, 12435.238, 21.02344, 0, null],
		[ new Date(2018,3,18,20,21,10), 0.03125, 12435.18, 21.02344, 0, null],
		[ new Date(2018,3,18,20,21,9), 0.03125, 12435.18, 21.02344, 0, null],
		[ new Date(2018,3,18,20,21,8), 0.03125, 12435.191, 21.02344, 0, null],
		[ new Date(2018,3,18,20,21,7), 0.03125, 12435.172, 21.02344, 0, null],
		[ new Date(2018,3,18,20,21,6), 0.03125, 12435.113, 21.02344, 0, null],
		[ new Date(2018,3,18,20,21,5), 0.03125, 12435.079, 21.02344, 0, null],
		[ new Date(2018,3,18,20,21,4), 0.03125, 12434.871, 21.02344, 0, null],
		[ new Date(2018,3,18,20,21,3), 0.03125, 12434.861, 21.02344, 0, null],
		[ new Date(2018,3,18,20,21,2), 0.03125, 12434.723, 21.02344, 0, null],
		[ new Date(2018,3,18,20,21,1), 0.03125, 12434.717, 21.02344, 0, null],
		[ new Date(2018,3,18,20,21,0), 0.03125, 12434.559, 21.02344, 0, null],
		[ new Date(2018,3,18,20,20,59), 0.03125, 12434.495, 21.02344, 0, null],
		[ new Date(2018,3,18,20,20,58), 0.03125, 12434.429, 21.02344, 0, null],
		[ new Date(2018,3,18,20,20,57), 0.03125, 12434.414, 21.02344, 0, null],
		[ new Date(2018,3,18,20,20,56), 0.03125, 12434.406, 21.02344, 0, null],
		[ new Date(2018,3,18,20,20,55), 0.03125, 12434.41, 21.02344, 0, null],
		[ new Date(2018,3,18,20,20,54), 0.03125, 12434.379, 21.02344, 0, null],
		[ new Date(2018,3,18,20,20,53), 0.03125, 12434.113, 21.02344, 0, null],
		[ new Date(2018,3,18,20,20,52), 0.03125, 12433.832, 21.02344, 0, null],
		[ new Date(2018,3,18,20,20,51), 0.03125, 12434.03, 21.02344, 0, null],
		[ new Date(2018,3,18,20,20,50), 0.03125, 12433.626, 21.02344, 0, null],
		[ new Date(2018,3,18,20,20,49), 0.03125, 12433.379, 21.02344, 0, null],
		[ new Date(2018,3,18,20,20,48), 0.03125, 12433.378, 21.02344, 0, null],
		[ new Date(2018,3,18,20,20,47), 0.03125, 12433.281, 21.02344, 0, null],
		[ new Date(2018,3,18,20,20,46), 0.03125, 12432.71, 21.02344, 0, null],
		[ new Date(2018,3,18,20,20,45), 0.03125, 12432.301, 21.02344, 0, null],
		[ new Date(2018,3,18,20,20,44), 0.03125, 12431.934, 21.02344, 0, null],
		[ new Date(2018,3,18,20,20,43), 0.03125, 12431.903, 21.02344, 0, null],
		[ new Date(2018,3,18,20,20,42), 0.03125, 12431.953, 21.02344, 0, null],
		[ new Date(2018,3,18,20,20,41), 0.03125, 12431.851, 21.02344, 0, null],
		[ new Date(2018,3,18,20,20,40), 0.03125, 12431.82, 21.02344, 0, null],
		[ new Date(2018,3,18,20,20,39), 0.03125, 12431.801, 21.02344, 0, null],
		[ new Date(2018,3,18,20,20,38), 0.03125, 12431.782, 21.02344, 0, null],
		[ new Date(2018,3,18,20,20,37), 0.03125, 12431.254, 21.02344, 0, null],
		[ new Date(2018,3,18,20,20,36), 0.03125, 12431.25, 21.02344, 0, null],
		[ new Date(2018,3,18,20,20,35), 0.03125, 12431.238, 21.02344, 0, null],
		[ new Date(2018,3,18,20,20,34), 0.03125, 12431.238, 21.02344, 0, null],
		[ new Date(2018,3,18,20,20,33), 0.03125, 12431.234, 21.02344, 0, null],
		[ new Date(2018,3,18,20,20,32), 0.03125, 12431.172, 21.02344, 0, null],
		[ new Date(2018,3,18,20,20,31), 0.03125, 12431.175, 21.02344, 0, null],
		[ new Date(2018,3,18,20,20,30), 0.03125, 12431.094, 21.02344, 0, null],
		[ new Date(2018,3,18,20,20,29), 0.03125, 12431.081, 21.02344, 0, null],
		[ new Date(2018,3,18,20,20,28), 0.03125, 12431.031, 21.02344, 0, null],
		[ new Date(2018,3,18,20,20,27), 0.03125, 12430.965, 21.02344, 0, null],
		[ new Date(2018,3,18,20,20,26), 0.03125, 12431.087, 21.02344, 0, null],
		[ new Date(2018,3,18,20,20,25), 0.03125, 12430.898, 21.02344, 0, null],
		[ new Date(2018,3,18,20,20,24), 0.03125, 12430.648, 21.02344, 0, null],
		[ new Date(2018,3,18,20,20,23), 0.03125, 12430.645, 21.02344, 0, null],
		[ new Date(2018,3,18,20,20,22), 0.03125, 12430.645, 21.02344, 0, null],
		[ new Date(2018,3,18,20,20,21), 0.03125, 12430.597, 21.02344, 0, null],
		[ new Date(2018,3,18,20,20,20), 0.03125, 12430.582, 21.02344, 0, null],
		[ new Date(2018,3,18,20,20,19), 0.03125, 12430.547, 21.02344, 0, null],
		[ new Date(2018,3,18,20,20,18), 0.03125, 12430.539, 21.02344, 0, null],
		[ new Date(2018,3,18,20,20,17), 0.03125, 12430.52, 21.02344, 0, null],
		[ new Date(2018,3,18,20,20,16), 0.03125, 12430.496, 21.02344, 0, null],
		[ new Date(2018,3,18,20,20,15), 0.03125, 12430.234, 21.02344, 0, null],
		[ new Date(2018,3,18,20,20,14), 0.03125, 12430.142, 21.02344, 0, null],
		[ new Date(2018,3,18,20,20,13), 0.03125, 12429.742, 21.02344, 0, null],
		[ new Date(2018,3,18,20,20,12), 0.03125, 12429.699, 21.02344, 0, null],
		[ new Date(2018,3,18,20,20,11), 0.03125, 12429.41, 21.02344, 0, null],
		[ new Date(2018,3,18,20,20,10), 0.03125, 12429.411, 21.02344, 0, null],
		[ new Date(2018,3,18,20,20,9), 0.03125, 12429.246, 21.02344, 0, null],
		[ new Date(2018,3,18,20,20,8), 0.03125, 12428.77, 21.02344, 0, null],
		[ new Date(2018,3,18,20,20,7), 0.03125, 12428.77, 21.02344, 0, null],
		[ new Date(2018,3,18,20,20,6), 0.03125, 12425.543, 21.02344, 0, null],
		[ new Date(2018,3,18,20,20,5), 0.03125, 12425.543, 21.02344, 0, null],
		[ new Date(2018,3,18,20,20,4), 0.03125, 12425.539, 21.02344, 0, null],
		[ new Date(2018,3,18,20,20,3), 0.03125, 12425.543, 21.02344, 0, null],
		[ new Date(2018,3,18,20,20,2), 0.03125, 12425.539, 21.02344, 0, null],
		[ new Date(2018,3,18,20,20,1), 0.03125, 12425.539, 21.02344, 0, null],
		[ new Date(2018,3,18,20,20,0), 0.03125, 12425.543, 21.02344, 0, null],
		[ new Date(2018,3,18,20,19,59), 0.03125, 12425.543, 21.02344, 0, null],
		[ new Date(2018,3,18,20,19,58), 0.03125, 12425.543, 21.02344, 0, null],
		[ new Date(2018,3,18,20,19,57), 0.03125, 12425.543, 21.02344, 0, null],
		[ new Date(2018,3,18,20,19,56), 0.03125, 12425.543, 21.02344, 0, null],
		[ new Date(2018,3,18,20,19,55), 0.03125, 12425.543, 21.02344, 0, null],
		[ new Date(2018,3,18,20,19,54), 0.03125, 12425.539, 21.02344, 0, null],
		[ new Date(2018,3,18,20,19,53), 0.03125, 12425.543, 21.02344, 0, null],
		[ new Date(2018,3,18,20,19,52), 0.03125, 12425.543, 21.02344, 0, null],
		[ new Date(2018,3,18,20,19,51), 0.03125, 12425.543, 21.02344, 0, null],
		[ new Date(2018,3,18,20,19,50), 0.03125, 12425.539, 21.02344, 0, null],
		[ new Date(2018,3,18,20,19,49), 0.03125, 12425.543, 21.02344, 0, null],
		[ new Date(2018,3,18,20,19,48), 0.03125, 12425.543, 21.02344, 0, null],
		[ new Date(2018,3,18,20,19,47), 0.03125, 12425.539, 21.02344, 0, null],
		[ new Date(2018,3,18,20,19,46), 0.03125, 12423.613, 21.02344, 0, null],
		[ new Date(2018,3,18,20,19,45), 0.03125, 12423.156, 21.02344, 0, null],
		[ new Date(2018,3,18,20,19,44), 0.03125, 12423.156, 21.02344, 0, null],
		[ new Date(2018,3,18,20,19,43), 0.03125, 12423.113, 21.02344, 0, null],
		[ new Date(2018,3,18,20,19,42), 0.03125, 12422.352, 21.02344, 0, null],
		[ new Date(2018,3,18,20,19,41), 0.03125, 12422.352, 21.02344, 0, null],
		[ new Date(2018,3,18,20,19,40), 0.03125, 12422.352, 21.02344, 0, null],
		[ new Date(2018,3,18,20,19,39), 0.03125, 12422.352, 21.02344, 0, null],
		[ new Date(2018,3,18,20,19,38), 0.03125, 12421.938, 21.02344, 0, null],
		[ new Date(2018,3,18,20,19,37), 0.03125, 12421.919, 21.02344, 0, null],
		[ new Date(2018,3,18,20,19,36), 0.03125, 12420.75, 21.02344, 0, null],
		[ new Date(2018,3,18,20,19,35), 0.03125, 12419.621, 21.02344, 0, null],
		[ new Date(2018,3,18,20,19,34), 0.03125, 12419.621, 21.02344, 0, null],
		[ new Date(2018,3,18,20,19,33), 0.03125, 12419.621, 21.02344, 0, null],
		[ new Date(2018,3,18,20,19,32), 0.03125, 12419.617, 21.02344, 0, null],
		[ new Date(2018,3,18,20,19,31), 0.03125, 12419.187, 21.02344, 0, null],
		[ new Date(2018,3,18,20,19,30), 0.03125, 12419.184, 21.02344, 0, null],
		[ new Date(2018,3,18,20,19,29), 0.03125, 12417.859, 21.02344, 0, null],
		[ new Date(2018,3,18,20,19,28), 0.03125, 12417.863, 21.02344, 0, null],
		[ new Date(2018,3,18,20,19,27), 0.03125, 12417.794, 21.02344, 0, null],
		[ new Date(2018,3,18,20,19,26), 0.03125, 12416.648, 21.02344, 0, null],
		[ new Date(2018,3,18,20,19,25), 0.03125, 12415.691, 21.02344, 0, null],
		[ new Date(2018,3,18,20,19,24), 0.03125, 12415.688, 21.02344, 0, null],
		[ new Date(2018,3,18,20,19,23), 0.03125, 12413.508, 21.02344, 0, null],
		[ new Date(2018,3,18,20,19,22), 0.03125, 12413.512, 21.02344, 0, null],
		[ new Date(2018,3,18,20,19,21), 0.03125, 12413.516, 21.02344, 0, null],
		[ new Date(2018,3,18,20,19,20), 0.03125, 12413.512, 21.02344, 0, null],
		[ new Date(2018,3,18,20,19,19), 0.03125, 12413.098, 21.02344, 0, null],
		[ new Date(2018,3,18,20,19,18), 0.03125, 12413.064, 21.02344, 0, null],
		[ new Date(2018,3,18,20,19,17), 0.03125, 12411.129, 21.02344, 0, null],
		[ new Date(2018,3,18,20,19,16), 0.03125, 12411.119, 21.02344, 0, null],
		[ new Date(2018,3,18,20,19,15), 0.03125, 12410.695, 21.02344, 0, null],
		[ new Date(2018,3,18,20,19,14), 0.03125, 12409.933, 21.02344, 0, null],
		[ new Date(2018,3,18,20,19,13), 0.03125, 12409.895, 21.02344, 0, null],
		[ new Date(2018,3,18,20,19,12), 0.03125, 12409.895, 21.02344, 0, null],
		[ new Date(2018,3,18,20,19,11), 0.03125, 12409.898, 21.02344, 0, null],
		[ new Date(2018,3,18,20,19,10), 0.03125, 12409.535, 21.02344, 0, null],
		[ new Date(2018,3,18,20,19,9), 0.03125, 12408.316, 21.02344, 0, null],
		[ new Date(2018,3,18,20,19,8), 0.03125, 12408.301, 21.02344, 0, null],
		[ new Date(2018,3,18,20,19,7), 0.03125, 12408.301, 21.02344, 0, null],
		[ new Date(2018,3,18,20,19,6), 0.03125, 12406.963, 21.02344, 0, null],
		[ new Date(2018,3,18,20,19,5), 0.03125, 12406.84, 21.02344, 0, null],
		[ new Date(2018,3,18,20,19,4), 0.03125, 12405.547, 21.02344, 0, null],
		[ new Date(2018,3,18,20,19,3), 0.03125, 12405.551, 21.02344, 0, null],
		[ new Date(2018,3,18,20,19,2), 0.03125, 12405.539, 21.02344, 0, null],
		[ new Date(2018,3,18,20,19,1), 0.03125, 12400.81, 21.02344, 0, null],
		[ new Date(2018,3,18,20,19,0), 0.03125, 12400.648, 21.02344, 0, null],
		[ new Date(2018,3,18,20,18,59), 0.03125, 12400.637, 21.02344, 0, null],
		[ new Date(2018,3,18,20,18,58), 0.03125, 12400.636, 21.02344, 0, null],
		[ new Date(2018,3,18,20,18,57), 0.03125, 12400.613, 21.02344, 0, null],
		[ new Date(2018,3,18,20,18,56), 0.03125, 12400.195, 21.02344, 0, null],
		[ new Date(2018,3,18,20,18,55), 0.03125, 12400.094, 21.02344, 0, null],
		[ new Date(2018,3,18,20,18,54), 0.03125, 12400.086, 21.02344, 0, null],
		[ new Date(2018,3,18,20,18,53), 0.03125, 12396.961, 21.02344, 0, null],
		[ new Date(2018,3,18,20,18,52), 0.03125, 12396.957, 21.02344, 0, null],
		[ new Date(2018,3,18,20,18,51), 0.03125, 12396.949, 21.02344, 0, null],
		[ new Date(2018,3,18,20,18,50), 0.03125, 12396.876, 21.02344, 0, null],
		[ new Date(2018,3,18,20,18,49), 0.03125, 12391.496, 21.02344, 0, null],
		[ new Date(2018,3,18,20,18,48), 0.03125, 12390.731, 21.02344, 0, null],
		[ new Date(2018,3,18,20,18,47), 0.03125, 12390.734, 21.02344, 0, null],
		[ new Date(2018,3,18,20,18,46), 0.03125, 12390.121, 21.02344, 0, null],
		[ new Date(2018,3,18,20,18,45), 0.03125, 12387.286, 21.02344, 0, null],
		[ new Date(2018,3,18,20,18,44), 0.03125, 12387.316, 21.02344, 0, null],
		[ new Date(2018,3,18,20,18,43), 0.03125, 12387.271, 21.02344, 0, null],
		[ new Date(2018,3,18,20,18,42), 0.03125, 12385.113, 21.02344, 0, null],
		[ new Date(2018,3,18,20,18,41), 0.03125, 12384.906, 21.02344, 0, null],
		[ new Date(2018,3,18,20,18,40), 0.03125, 12384.856, 21.02344, 0, null],
		[ new Date(2018,3,18,20,18,39), 0.03125, 12381.401, 21.02344, 0, null],
		[ new Date(2018,3,18,20,18,38), 0.03125, 12381.266, 21.02344, 0, null],
		[ new Date(2018,3,18,20,18,37), 0.03125, 12381.245, 21.02344, 0, null],
		[ new Date(2018,3,18,20,18,36), 0.03125, 12379.68, 21.02344, 0, null],
		[ new Date(2018,3,18,20,18,35), 0.03125, 12378.242, 21.02344, 0, null],
		[ new Date(2018,3,18,20,18,34), 0.03125, 12378.34, 21.02344, 0, null],
		[ new Date(2018,3,18,20,18,33), 0.03125, 12383.473, 21.02344, 0, null],
		[ new Date(2018,3,18,20,18,32), 0.03125, 12383.472, 21.02344, 0, null],
		[ new Date(2018,3,18,20,18,31), 0.03125, 12383.429, 21.02344, 0, null],
		[ new Date(2018,3,18,20,18,30), 0.03125, 12383.105, 21.02344, 0, null],
		[ new Date(2018,3,18,20,18,29), 0.03125, 12379.875, 21.02344, 0, null],
		[ new Date(2018,3,18,20,18,28), 0.03125, 12379.867, 21.02344, 0, null],
		[ new Date(2018,3,18,20,18,27), 0.03125, 12379.879, 21.02344, 0, null],
		[ new Date(2018,3,18,20,18,26), 0.03125, 12379.883, 21.02344, 0, null],
		[ new Date(2018,3,18,20,18,25), 0.03125, 12379.874, 21.02344, 0, null],
		[ new Date(2018,3,18,20,18,24), 0.03125, 12379.212, 21.02344, 0, null],
		[ new Date(2018,3,18,20,18,23), 0.03125, 12376.719, 21.02344, 0, null],
		[ new Date(2018,3,18,20,18,22), 0.03125, 12376.722, 21.02344, 0, null],
		[ new Date(2018,3,18,20,18,21), 0.03125, 12376.699, 21.02344, 0, null],
		[ new Date(2018,3,18,20,18,20), 0.03125, 12387.51, 21.02344, 0, null],
		[ new Date(2018,3,18,20,18,19), 0.03125, 13201.132, 21.02344, 0, null],
		[ new Date(2018,3,18,20,18,18), 0.03125, 13200.77, 21.02344, 0, null],
		[ new Date(2018,3,18,20,18,17), 0.03125, 13200.75, 21.02344, 0, null],
		[ new Date(2018,3,18,20,18,16), 0.03125, 13200.742, 21.02344, 0, null],
		[ new Date(2018,3,18,20,18,15), 0.03125, 13200.723, 21.02344, 0, null],
		[ new Date(2018,3,18,20,18,14), 0.03125, 13199.746, 21.02344, 0, null],
		[ new Date(2018,3,18,20,18,13), 0.03125, 13199.5, 21.02344, 0, null],
		[ new Date(2018,3,18,20,18,12), 0.03125, 13199.5, 21.02344, 0, null],
		[ new Date(2018,3,18,20,18,11), 0.03125, 13199.496, 21.02344, 0, null],
		[ new Date(2018,3,18,20,18,10), 0.03125, 12354.086, 21.02344, 0, null],
		[ new Date(2018,3,18,20,18,9), 0.03125, 12354.086, 21.02344, 0, null],
		[ new Date(2018,3,18,20,18,8), 0.03125, 12354.086, 21.02344, 0, null],
		[ new Date(2018,3,18,20,18,7), 0.03125, 12354.129, 21.02344, 0, null],
		[ new Date(2018,3,18,20,18,6), 0.03125, 12352.319, 21.02344, 0, null],
		[ new Date(2018,3,18,20,18,5), 0.03125, 12351.503, 21.02344, 0, null],
		[ new Date(2018,3,18,20,18,4), 0.03125, 12351.484, 21.02344, 0, null],
		[ new Date(2018,3,18,20,18,3), 0.03125, 12351.48, 21.02344, 0, null],
		[ new Date(2018,3,18,20,18,2), 0.03125, 12342.809, 21.02344, 0, null],
		[ new Date(2018,3,18,20,18,1), 0.03125, 12342.824, 21.02344, 0, null],
		[ new Date(2018,3,18,20,18,0), 0.03125, 12342.804, 21.02344, 0, null],
		[ new Date(2018,3,18,20,17,59), 0.03125, 12341.902, 21.02344, 0, null],
		[ new Date(2018,3,18,20,17,58), 0.03125, 12340.707, 21.02344, 0, null],
		[ new Date(2018,3,18,20,17,57), 0.03125, 12340.703, 21.02344, 0, null],
		[ new Date(2018,3,18,20,17,56), 0.03125, 12340.603, 21.02344, 0, null],
		[ new Date(2018,3,18,20,17,55), 0.03125, 12334.371, 21.02344, 0, null],
		[ new Date(2018,3,18,20,17,54), 0.03125, 12334.317, 21.02344, 0, null],
		[ new Date(2018,3,18,20,17,53), 0.03125, 12333.769, 21.02344, 0, null],
		[ new Date(2018,3,18,20,17,52), 0.03125, 12332.301, 21.02344, 0, null],
		[ new Date(2018,3,18,20,17,51), 0.03125, 12331.941, 21.02344, 0, null],
		[ new Date(2018,3,18,20,17,50), 0.03125, 12331.898, 21.02344, 0, null],
		[ new Date(2018,3,18,20,17,49), 0.03125, 12331.898, 21.02344, 0, null],
		[ new Date(2018,3,18,20,17,48), 0.03125, 12331.902, 21.02344, 0, null],
		[ new Date(2018,3,18,20,17,47), 0.03125, 12331.898, 21.02344, 0, null],
		[ new Date(2018,3,18,20,17,46), 0.03125, 12320.715, 21.02344, 0, null],
		[ new Date(2018,3,18,20,17,45), 0.03125, 12320.711, 21.02344, 0, null],
		[ new Date(2018,3,18,20,17,44), 0.03125, 12320.73, 21.02344, 0, null],
		[ new Date(2018,3,18,20,17,43), 0.03125, 12320.729, 21.02344, 0, null],
		[ new Date(2018,3,18,20,17,42), 0.03125, 12320.645, 21.02344, 0, null],
		[ new Date(2018,3,18,20,17,41), 0.03125, 12318.635, 21.02344, 0, null],
		[ new Date(2018,3,18,20,17,40), 0.03125, 12317.707, 21.02344, 0, null],
		[ new Date(2018,3,18,20,17,39), 0.03125, 12317.707, 21.02344, 0, null],
		[ new Date(2018,3,18,20,17,38), 0.03125, 12317.634, 21.02344, 0, null],
		[ new Date(2018,3,18,20,17,37), 0.03125, 12313.715, 21.02344, 0, null],
		[ new Date(2018,3,18,20,17,36), 0.03125, 12310.348, 21.02344, 0, null],
		[ new Date(2018,3,18,20,17,35), 0.03125, 12310.359, 21.02344, 0, null],
		[ new Date(2018,3,18,20,17,34), 0.03125, 12310.34, 21.02344, 0, null],
		[ new Date(2018,3,18,20,17,33), 0.03125, 12310.311, 21.02344, 0, null],
		[ new Date(2018,3,18,20,17,32), 0.03125, 12308.167, 21.02344, 0, null],
		[ new Date(2018,3,18,20,17,31), 0.03125, 12307.336, 21.02344, 0, null],
		[ new Date(2018,3,18,20,17,30), 0.03125, 12307.313, 21.02344, 0, null],
		[ new Date(2018,3,18,20,17,29), 0.03125, 12307.328, 21.02344, 0, null],
		[ new Date(2018,3,18,20,17,28), 0.03125, 12299.793, 21.02344, 0, null],
		[ new Date(2018,3,18,20,17,27), 0.03125, 12305.742, 21.02344, 0, null],
		[ new Date(2018,3,18,20,17,26), 0.03125, 12305.727, 21.02344, 0, null],
		[ new Date(2018,3,18,20,17,25), 0.03125, 12305.707, 21.02344, 0, null],
		[ new Date(2018,3,18,20,17,24), 0.03125, 12304.602, 21.02344, 0, null],
		[ new Date(2018,3,18,20,17,23), 0.03125, 12292.844, 21.02344, 0, null],
		[ new Date(2018,3,18,20,17,22), 0.03125, 12292.727, 21.02344, 0, null],
		[ new Date(2018,3,18,20,17,21), 0.03125, 12292.639, 21.02344, 0, null],
		[ new Date(2018,3,18,20,17,20), 0.03125, 12286.453, 21.02344, 0, null],
		[ new Date(2018,3,18,20,17,19), 0.03125, 12282.848, 21.02344, 0, null],
		[ new Date(2018,3,18,20,17,18), 0.03125, 12282.848, 21.02344, 0, null],
		[ new Date(2018,3,18,20,17,17), 0.03125, 12282.702, 21.02344, 0, null],
		[ new Date(2018,3,18,20,17,16), 0.03125, 12279.845, 21.02344, 0, null],
		[ new Date(2018,3,18,20,17,15), 0.03125, 12281.91, 21.02344, 0, null],
		[ new Date(2018,3,18,20,17,14), 0.03125, 12281.906, 21.02344, 0, null],
		[ new Date(2018,3,18,20,17,13), 0.03125, 12281.806, 21.02344, 0, null],
		[ new Date(2018,3,18,20,17,12), 0.03125, 12275.312, 21.02344, 0, null],
		[ new Date(2018,3,18,20,17,11), 0.03125, 12275.305, 21.02344, 0, null],
		[ new Date(2018,3,18,20,17,10), 0.03125, 12275.279, 21.02344, 0, null],
		[ new Date(2018,3,18,20,17,9), 0.03125, 12274.23, 21.02344, 0, null],
		[ new Date(2018,3,18,20,17,8), 0.03125, 12273.844, 21.02344, 0, null],
		[ new Date(2018,3,18,20,17,7), 0.03125, 12273.832, 21.02344, 0, null],
		[ new Date(2018,3,18,20,17,6), 0.03125, 12273.789, 21.02344, 0, null],
		[ new Date(2018,3,18,20,17,5), 0.03125, 12273.789, 21.02344, 0, null],
		[ new Date(2018,3,18,20,17,4), 0.03125, 12273.652, 21.02344, 0, null],
		[ new Date(2018,3,18,20,17,3), 0.03125, 12273.328, 21.02344, 0, null],
		[ new Date(2018,3,18,20,17,2), 0.03125, 12262.234, 21.02344, 0, null],
		[ new Date(2018,3,18,20,17,1), 0.03125, 12262.393, 21.02344, 0, null],
		[ new Date(2018,3,18,20,17,0), 0.03125, 12275.23, 21.02344, 0, null],
		[ new Date(2018,3,18,20,16,59), 0.03125, 12274.91, 21.02344, 0, null],
		[ new Date(2018,3,18,20,16,58), 0.03125, 12274.561, 21.02344, 0, null],
		[ new Date(2018,3,18,20,16,57), 0.03125, 12247.554, 21.02344, 0, null],
		[ new Date(2018,3,18,20,16,56), 0.03125, 12245.755, 21.02344, 0, null],
		[ new Date(2018,3,18,20,16,55), 0.03125, 12245.336, 21.02344, 0, null],
		[ new Date(2018,3,18,20,16,54), 0.03125, 12245.32, 21.02344, 0, null],
		[ new Date(2018,3,18,20,16,53), 0.03125, 12245.324, 21.02344, 0, null],
		[ new Date(2018,3,18,20,16,52), 0.03125, 12245.254, 21.02344, 0, null],
		[ new Date(2018,3,18,20,16,51), 0.03125, 12236.98, 21.02344, 0, null],
		[ new Date(2018,3,18,20,16,50), 0.03125, 12236.976, 21.02344, 0, null],
		[ new Date(2018,3,18,20,16,49), 0.03125, 12236.957, 21.02344, 0, null],
		[ new Date(2018,3,18,20,16,48), 0.03125, 12236.926, 21.02344, 0, null],
		[ new Date(2018,3,18,20,16,47), 0.03125, 12236.347, 21.02344, 0, null],
		[ new Date(2018,3,18,20,16,46), 0.03125, 12234.862, 21.02344, 0, null],
		[ new Date(2018,3,18,20,16,45), 0.03125, 12234.77, 21.02344, 0, null],
		[ new Date(2018,3,18,20,16,44), 0.03125, 12234.722, 21.02344, 0, null],
		[ new Date(2018,3,18,20,16,43), 0.03125, 12234.657, 21.02344, 0, null],
		[ new Date(2018,3,18,20,16,42), 0.03125, 12231.5, 21.02344, 0, null],
		[ new Date(2018,3,18,20,16,41), 0.03125, 12228.199, 21.02344, 0, null],
		[ new Date(2018,3,18,20,16,40), 0.03125, 12228.219, 21.02344, 0, null],
		[ new Date(2018,3,18,20,16,39), 0.03125, 12228.215, 21.02344, 0, null],
		[ new Date(2018,3,18,20,16,38), 0.03125, 12228.215, 21.02344, 0, null],
		[ new Date(2018,3,18,20,16,37), 0.03125, 12227.031, 21.02344, 0, null],
		[ new Date(2018,3,18,20,16,36), 0.03125, 12225.965, 21.02344, 0, null],
		[ new Date(2018,3,18,20,16,35), 0.03125, 12225.93, 21.02344, 0, null],
		[ new Date(2018,3,18,20,16,34), 0.03125, 12225.912, 21.02344, 0, null],
		[ new Date(2018,3,18,20,16,33), 0.03125, 12225.113, 21.02344, 0, null],
		[ new Date(2018,3,18,20,16,32), 0.03125, 12221.176, 21.02344, 0, null],
		[ new Date(2018,3,18,20,16,31), 0.03125, 12221.164, 21.02344, 0, null],
		[ new Date(2018,3,18,20,16,30), 0.03125, 12221.147, 21.02344, 0, null],
		[ new Date(2018,3,18,20,16,29), 0.03125, 12219.84, 21.02344, 0, null],
		[ new Date(2018,3,18,20,16,28), 0.03125, 12218.135, 21.02344, 0, null],
		[ new Date(2018,3,18,20,16,27), 0.03125, 12217.315, 21.02344, 0, null],
		[ new Date(2018,3,18,20,16,26), 0.03125, 12217.254, 21.02344, 0, null],
		[ new Date(2018,3,18,20,16,25), 0.03125, 12217.124, 21.02344, 0, null],
		[ new Date(2018,3,18,20,16,24), 0.03125, 12210.91, 21.02344, 0, null],
		[ new Date(2018,3,18,20,16,23), 0.03125, 12210.734, 21.02344, 0, null],
		[ new Date(2018,3,18,20,16,22), 0.03125, 12210.531, 21.02344, 0, null],
		[ new Date(2018,3,18,20,16,21), 0.03125, 12208.383, 21.02344, 0, null],
		[ new Date(2018,3,18,20,16,20), 0.03125, 12199.332, 21.02344, 0, null],
		[ new Date(2018,3,18,20,16,19), 0.03125, 12198.07, 21.02344, 0, null],
		[ new Date(2018,3,18,20,16,18), 0.03125, 12198.066, 21.02344, 0, null],
		[ new Date(2018,3,18,20,16,17), 0.03125, 12197.75, 21.02344, 0, null],
		[ new Date(2018,3,18,20,16,16), 0.03125, 12197.273, 21.02344, 0, null],
		[ new Date(2018,3,18,20,16,15), 0.03125, 12197.277, 21.02344, 0, null],
		[ new Date(2018,3,18,20,16,14), 0.03125, 12197.267, 21.02344, 0, null],
		[ new Date(2018,3,18,20,16,13), 0.03125, 12197.117, 21.02344, 0, null],
		[ new Date(2018,3,18,20,16,12), 0.03125, 12178.07, 21.02344, 0, null],
		[ new Date(2018,3,18,20,16,11), 0.03125, 12178.057, 21.02344, 0, null],
		[ new Date(2018,3,18,20,16,10), 0.03125, 12177.926, 21.02344, 0, null],
		[ new Date(2018,3,18,20,16,9), 0.03125, 12177.898, 21.02344, 0, null],
		[ new Date(2018,3,18,20,16,8), 0.03125, 12177.902, 21.02344, 0, null],
		[ new Date(2018,3,18,20,16,7), 0.03125, 12177.892, 21.02344, 0, null],
		[ new Date(2018,3,18,20,16,6), 0.03125, 12177.07, 21.02344, 0, null],
		[ new Date(2018,3,18,20,16,5), 0.03125, 12176.353, 21.02344, 0, null],
		[ new Date(2018,3,18,20,16,4), 0.03125, 12175.738, 21.02344, 0, null],
		[ new Date(2018,3,18,20,16,3), 0.03125, 12175.535, 21.02344, 0, null],
		[ new Date(2018,3,18,20,16,2), 0.03125, 12175.536, 21.02344, 0, null],
		[ new Date(2018,3,18,20,16,1), 0.03125, 12175.189, 21.02344, 0, null],
		[ new Date(2018,3,18,20,16,0), 0.03125, 12167.691, 21.02344, 0, null],
		[ new Date(2018,3,18,20,15,59), 0.03125, 12154.574, 21.02344, 0, null],
		[ new Date(2018,3,18,20,15,58), 0.03125, 12154.559, 21.02344, 0, null],
		[ new Date(2018,3,18,20,15,57), 0.03125, 12154.5, 21.02344, 0, null],
		[ new Date(2018,3,18,20,15,56), 0.03125, 12154.5, 21.02344, 0, null],
		[ new Date(2018,3,18,20,15,55), 0.03125, 12154.494, 21.02344, 0, null],
		[ new Date(2018,3,18,20,15,54), 0.03125, 12154.332, 21.02344, 0, null],
		[ new Date(2018,3,18,20,15,53), 0.03125, 12152.421, 21.02344, 0, null],
		[ new Date(2018,3,18,20,15,52), 0.03125, 12150.719, 21.02344, 0, null],
		[ new Date(2018,3,18,20,15,51), 0.03125, 12157.105, 21.02344, 0, null],
		[ new Date(2018,3,18,20,15,50), 0.03125, 12159.602, 21.02344, 0, null],
		[ new Date(2018,3,18,20,15,49), 0.03125, 12159.594, 21.02344, 0, null],
		[ new Date(2018,3,18,20,15,48), 0.03125, 12159.301, 21.02344, 0, null],
		[ new Date(2018,3,18,20,15,47), 0.03125, 12158.013, 21.02344, 0, null],
		[ new Date(2018,3,18,20,15,46), 0.03125, 12142.84, 21.02344, 0, null],
		[ new Date(2018,3,18,20,15,45), 0.03125, 12141.097, 21.02344, 0, null],
		[ new Date(2018,3,18,20,15,44), 0.03125, 12146.622, 21.02344, 0, null],
		[ new Date(2018,3,18,20,15,43), 0.03125, 12146.512, 21.02344, 0, null],
		[ new Date(2018,3,18,20,15,42), 0.03125, 12145.566, 21.02344, 0, null],
		[ new Date(2018,3,18,20,15,41), 0.03125, 12144.392, 21.02344, 0, null],
		[ new Date(2018,3,18,20,15,40), 0.03125, 12144.176, 21.02344, 0, null],
		[ new Date(2018,3,18,20,15,39), 0.03125, 12142.86, 21.02344, 0, null],
		[ new Date(2018,3,18,20,15,38), 0.03125, 12115.337, 21.02344, 0, null],
		[ new Date(2018,3,18,20,15,37), 0.03125, 12113.785, 21.02344, 0, null],
		[ new Date(2018,3,18,20,15,36), 0.03125, 12113.57, 21.02344, 0, null],
		[ new Date(2018,3,18,20,15,35), 0.03125, 12113.524, 21.02344, 0, null],
		[ new Date(2018,3,18,20,15,34), 0.03125, 12113.266, 21.02344, 0, null],
		[ new Date(2018,3,18,20,15,33), 0.03125, 12113.191, 21.02344, 0, null],
		[ new Date(2018,3,18,20,15,32), 0.03125, 12094.965, 21.02344, 0, null],
		[ new Date(2018,3,18,20,15,31), 0.03125, 12088.132, 21.02344, 0, null],
		[ new Date(2018,3,18,20,15,30), 0.03125, 12087.766, 21.02344, 0, null],
		[ new Date(2018,3,18,20,15,29), 0.03125, 12087.703, 21.02344, 0, null],
		[ new Date(2018,3,18,20,15,28), 0.03125, 12087.547, 21.02344, 0, null],
		[ new Date(2018,3,18,20,15,27), 0.03125, 12087.181, 21.02344, 0, null],
		[ new Date(2018,3,18,20,15,26), 0.03125, 12085.793, 21.02344, 0, null],
		[ new Date(2018,3,18,20,15,25), 0.03125, 12083.642, 21.02344, 0, null],
		[ new Date(2018,3,18,20,15,24), 0.03125, 12091.918, 21.02344, 0, null],
		[ new Date(2018,3,18,20,15,23), 0.03125, 12104.492, 21.02344, 0, null],
		[ new Date(2018,3,18,20,15,22), 0.03125, 12104.496, 21.02344, 0, null],
		[ new Date(2018,3,18,20,15,21), 0.03125, 12115.058, 21.02344, 0, null],
		[ new Date(2018,3,18,20,15,20), 0.03125, 12114.423, 21.02344, 0, null],
		[ new Date(2018,3,18,20,15,19), 0.03125, 12094.102, 21.02344, 0, null],
		[ new Date(2018,3,18,20,15,18), 0.03125, 12092.484, 21.02344, 0, null],
		[ new Date(2018,3,18,20,15,17), 0.03125, 12095.688, 21.02344, 0, null],
		[ new Date(2018,3,18,20,15,16), 0.03125, 12095.652, 21.02344, 0, null],
		[ new Date(2018,3,18,20,15,15), 0.03125, 12095.648, 21.02344, 0, null],
		[ new Date(2018,3,18,20,15,14), 0.03125, 12095.652, 21.02344, 0, null],
		[ new Date(2018,3,18,20,15,13), 0.03125, 12095.652, 21.02344, 0, null],
		[ new Date(2018,3,18,20,15,12), 0.03125, 12095.648, 21.02344, 0, null],
		[ new Date(2018,3,18,20,15,11), 0.03125, 12095.648, 21.02344, 0, null],
		[ new Date(2018,3,18,20,15,10), 0.03125, 12095.652, 21.02344, 0, null],
		[ new Date(2018,3,18,20,15,9), 0.03125, 12095.648, 21.02344, 0, null],
		[ new Date(2018,3,18,20,15,8), 0.03125, 12095.652, 21.02344, 0, null],
		[ new Date(2018,3,18,20,15,7), 0.03125, 12095.652, 21.02344, 0, null],
		[ new Date(2018,3,18,20,15,6), 0.03125, 12095.648, 21.02344, 0, null],
		[ new Date(2018,3,18,20,15,5), 0.03125, 12095.652, 21.02344, 0, null],
		[ new Date(2018,3,18,20,15,4), 0.03125, 12095.648, 21.02344, 0, null],
		[ new Date(2018,3,18,20,15,3), 0.03125, 12095.652, 21.02344, 0, null],
		[ new Date(2018,3,18,20,15,2), 0.03125, 12095.652, 21.02344, 0, null],
		[ new Date(2018,3,18,20,15,1), 0.03125, 12095.652, 21.02344, 0, null],
		[ new Date(2018,3,18,20,15,0), 0.03125, 12095.652, 21.02344, 0, null],
		[ new Date(2018,3,18,20,14,59), 0.03125, 12095.648, 21.02344, 0, null],
		[ new Date(2018,3,18,20,14,58), 0.03125, 12095.652, 21.02344, 0, null],
		[ new Date(2018,3,18,20,14,57), 0.03125, 12095.652, 21.02344, 0, null],
		[ new Date(2018,3,18,20,14,56), 0.03125, 12095.645, 21.02344, 0, null],
		[ new Date(2018,3,18,20,14,55), 0.03125, 12095.648, 21.02344, 0, null],
		[ new Date(2018,3,18,20,14,54), 0.03125, 12095.645, 21.02344, 0, null],
		[ new Date(2018,3,18,20,14,53), 0.03125, 12095.648, 21.02344, 0, null],
		[ new Date(2018,3,18,20,14,52), 0.03125, 12094.848, 21.02344, 0, null],
		[ new Date(2018,3,18,20,14,51), 0.03125, 12094.766, 21.02344, 0, null],
		[ new Date(2018,3,18,20,14,50), 0.03125, 12094.766, 21.02344, 0, null],
		[ new Date(2018,3,18,20,14,49), 0.03125, 12094.766, 21.02344, 0, null],
		[ new Date(2018,3,18,20,14,48), 0.03125, 12094.762, 21.02344, 0, null],
		[ new Date(2018,3,18,20,14,47), 0.03125, 12094.664, 21.02344, 0, null],
		[ new Date(2018,3,18,20,14,46), 0.03125, 12094.664, 21.02344, 0, null],
		[ new Date(2018,3,18,20,14,45), 0.03125, 12094.668, 21.02344, 0, null],
		[ new Date(2018,3,18,20,14,44), 0.03125, 12094.668, 21.02344, 0, null],
		[ new Date(2018,3,18,20,14,43), 0.03125, 12094.668, 21.02344, 0, null],
		[ new Date(2018,3,18,20,14,42), 0.03125, 12094.668, 21.02344, 0, null],
		[ new Date(2018,3,18,20,14,41), 0.03125, 12094.664, 21.02344, 0, null],
		[ new Date(2018,3,18,20,14,40), 0.03125, 12094.664, 21.02344, 0, null],
		[ new Date(2018,3,18,20,14,39), 0.03125, 12094.668, 21.02344, 0, null],
		[ new Date(2018,3,18,20,14,38), 0.03125, 12094.664, 21.02344, 0, null],
		[ new Date(2018,3,18,20,14,37), 0.03125, 12094.668, 21.02344, 0, null],
		[ new Date(2018,3,18,20,14,36), 0.03125, 12094.668, 21.02344, 0, null],
		[ new Date(2018,3,18,20,14,35), 0.03125, 12094.664, 21.02344, 0, null],
		[ new Date(2018,3,18,20,14,34), 0.03125, 12094.664, 21.02344, 0, null],
		[ new Date(2018,3,18,20,14,33), 0.03125, 12094.664, 21.02344, 0, null],
		[ new Date(2018,3,18,20,14,32), 0.03125, 12094.668, 21.02344, 0, null],
		[ new Date(2018,3,18,20,14,31), 0.03125, 12094.668, 21.02344, 0, null],
		[ new Date(2018,3,18,20,14,30), 0.03125, 12094.664, 21.02344, 0, null],
		[ new Date(2018,3,18,20,14,29), 0.03125, 12094.664, 21.02344, 0, null],
		[ new Date(2018,3,18,20,14,28), 0.03125, 12094.66, 21.02344, 0, null],
		[ new Date(2018,3,18,20,14,27), 0.03125, 12094.664, 21.02344, 0, null],
		[ new Date(2018,3,18,20,14,26), 0.03125, 12094.664, 21.02344, 0, null],
		[ new Date(2018,3,18,20,14,25), 0.03125, 12094.613, 21.02344, 0, null],
		[ new Date(2018,3,18,20,14,24), 0.03125, 12094.555, 21.02344, 0, null],
		[ new Date(2018,3,18,20,14,23), 0.03125, 12094.555, 21.02344, 0, null],
		[ new Date(2018,3,18,20,14,22), 0.03125, 12094.488, 21.02344, 0, null],
		[ new Date(2018,3,18,20,14,21), 0.03125, 12094.484, 21.02344, 0, null],
		[ new Date(2018,3,18,20,14,20), 0.03125, 12094.484, 21.02344, 0, null],
		[ new Date(2018,3,18,20,14,19), 0.03125, 12094.488, 21.02344, 0, null],
		[ new Date(2018,3,18,20,14,18), 0.03125, 12094.484, 21.02344, 0, null],
		[ new Date(2018,3,18,20,14,17), 0.03125, 12094.484, 21.02344, 0, null],
		[ new Date(2018,3,18,20,14,16), 0.03125, 12094.484, 21.02344, 0, null],
		[ new Date(2018,3,18,20,14,15), 0.03125, 12094.488, 21.02344, 0, null],
		[ new Date(2018,3,18,20,14,14), 0.03125, 12094.484, 21.02344, 0, null],
		[ new Date(2018,3,18,20,14,13), 0.03125, 12094.488, 21.02344, 0, null],
		[ new Date(2018,3,18,20,14,12), 0.03125, 12094.487, 21.02344, 0, null],
		[ new Date(2018,3,18,20,14,11), 0.03125, 12094.336, 21.02344, 0, null],
		[ new Date(2018,3,18,20,14,10), 0.03125, 12094.332, 21.02344, 0, null],
		[ new Date(2018,3,18,20,14,9), 0.03125, 12094.336, 21.02344, 0, null],
		[ new Date(2018,3,18,20,14,8), 0.03125, 12094.332, 21.02344, 0, null],
		[ new Date(2018,3,18,20,14,7), 0.03125, 12094.332, 21.02344, 0, null],
		[ new Date(2018,3,18,20,14,6), 0.03125, 12094.332, 21.02344, 0, null],
		[ new Date(2018,3,18,20,14,5), 0.03125, 12094.332, 21.02344, 0, null],
		[ new Date(2018,3,18,20,14,4), 0.03125, 12094.359, 21.02344, 0, null],
		[ new Date(2018,3,18,20,14,3), 0.03125, 12096.777, 21.02344, 0, null],
		[ new Date(2018,3,18,20,14,2), 0.03125, 12089.816, 21.02344, 0, null],