		[ new Date(2018,3,18,17,27,14), 0, 613.2051, 1.09904, 0, null],
		[ new Date(2018,3,18,17,27,13), 0, 600.6322, 8.9809, 0, null],
		[ new Date(2018,3,18,17,27,12), 0, 27.3514, 4.56236, 0, null],
		[ new Date(2018,3,18,17,27,11), 0, 94.39468, 3.99562, 0, null],
		[ new Date(2018,3,18,17,27,10), 0, 177.7341, 3.7191, 0, null],
		[ new Date(2018,3,18,17,27,9), 0, 717.4412, 6.976, 0, null],
		[ new Date(2018,3,18,17,27,8), 0, 169.6517, 4.76269, 0, null],
		[ new Date(2018,3,18,17,27,7), 0, 152.86037, 2.07052, 0, null],
		[ new Date(2018,3,18,17,27,6), 0, 696.4464, 5.9261, 0, null],
		[ new Date(2018,3,18,17,27,5), 0, 46.20243, 3.80628, 0, null],
		[ new Date(2018,3,18,17,27,4), 0, 249.0869, 5.7967, 0, null],
		[ new Date(2018,3,18,17,27,3), 0, 834.5858, 3.9501, 0, null],
		[ new Date(2018,3,18,17,27,2), 0, 105.13608, 3.9787, 0, null],
		[ new Date(2018,3,18,17,27,1), 0, 182.8737, 4.9978, 0, null],
		[ new Date(2018,3,18,17,27,0), 0, 99.14315, 5.36288, 0, null],
		[ new Date(2018,3,18,17,26,59), 0, 532.0029, 3.9652, 0, null],
		[ new Date(2018,3,18,17,26,58), 0, 17.9982, 5, 0, null],
		[ new Date(2018,3,18,17,26,57), 0, 53.2453, 3.737, 0, null],
		[ new Date(2018,3,18,17,26,56), 0, 169.0257, 4.07647, 0, null],
		[ new Date(2018,3,18,17,26,55), 0, 476.5787, 11.8714, 0, null],
		[ new Date(2018,3,18,17,26,54), 0, 13.11692, 0.83618, 0, null],
		[ new Date(2018,3,18,17,26,53), 0, 663.78, 7.8811, 0, null],
		[ new Date(2018,3,18,17,26,52), 0, 47.1316, 4.811, 0, null],
		[ new Date(2018,3,18,17,26,51), 0, 27.71963, 1.95102, 0, null],
		[ new Date(2018,3,18,17,26,50), 0, 76.33781, 8.45921, 0, null],
		[ new Date(2018,3,18,17,26,49), 0, 212.9534, 5.917, 0, null],
		[ new Date(2018,3,18,17,26,48), 0, 92.0611, 2.9374, 0, null],
		[ new Date(2018,3,18,17,26,47), 0, 446.8517, 4.90314, 0, null],
		[ new Date(2018,3,18,17,26,46), 0, 93.176, 4.7086, 0, null],
		[ new Date(2018,3,18,17,26,45), 0, 21.06402, 5.02077, 0, null],
		[ new Date(2018,3,18,17,26,44), 0, 110.02904, 6.64387, 0, null],
		[ new Date(2018,3,18,17,26,43), 0, 614.5114, 6.9172, 0, null],
		[ new Date(2018,3,18,17,26,42), 0, 175.8482, 3.9319, 0, null],
		[ new Date(2018,3,18,17,26,41), 0, 26.81123, 2.6229, 0, null],
		[ new Date(2018,3,18,17,26,40), 0, 747.0663, 11.801, 0, null],
		[ new Date(2018,3,18,17,26,39), 0, 45.4149, 3.5623, 0, null],
		[ new Date(2018,3,18,17,26,38), 0, 381.1733, 10.6708, 0, null],
		[ new Date(2018,3,18,17,26,37), 0, 21.95168, 3.61656, 0, null],
		[ new Date(2018,3,18,17,26,36), 0, 840.4086, 9.7143, 0, null],
		[ new Date(2018,3,18,17,26,35), 0, 13.0339, 4.9651, 0, null],
		[ new Date(2018,3,18,17,26,34), 0, 138.31735, 10.21923, 0, null],
		[ new Date(2018,3,18,17,26,33), 0, 28.091, 2.9058, 0, null],
		[ new Date(2018,3,18,17,26,32), 0, 240.5614, 2.97777, 0, null],
		[ new Date(2018,3,18,17,26,31), 0, 499.7678, 4.9579, 0, null],
		[ new Date(2018,3,18,17,26,30), 0, 262.0855, 1.8992, 0, null],
		[ new Date(2018,3,18,17,26,29), 0, 22.9983, 3.9995, 0, null],
		[ new Date(2018,3,18,17,26,28), 0, 150.87428, 9.21045, 0, null],
		[ new Date(2018,3,18,17,26,27), 0, 159.9218, 1.9392, 0, null],
		[ new Date(2018,3,18,17,26,26), 0, 8.36048, 4.13131, 0, null],
		[ new Date(2018,3,18,17,26,25), 0, 440.4234, 14.6212, 0, null],
		[ new Date(2018,3,18,17,26,24), 0, 12.57447, 0.01152, 0, null],
		[ new Date(2018,3,18,17,26,23), 0, 565.7638, 1.07585, 0, null],
		[ new Date(2018,3,18,17,26,22), 0, 370.8841, 7.6211, 0, null],
		[ new Date(2018,3,18,17,26,21), 0, 17.97918, 1.02527, 0, null],
		[ new Date(2018,3,18,17,26,20), 0, 15.9999, 2.9999, 0, null],
		[ new Date(2018,3,18,17,26,19), 0, 295.2096, 10.26446, 0, null],
		[ new Date(2018,3,18,17,26,18), 0, 178.789, 2.9978, 0, null],
		[ new Date(2018,3,18,17,26,17), 0, 8.4749, 2.41949, 0, null],
		[ new Date(2018,3,18,17,26,16), 0, 250.507, 3.96272, 0, null],
		[ new Date(2018,3,18,17,26,15), 0, 589.182, 6.8515, 0, null],
		[ new Date(2018,3,18,17,26,14), 0, 18.1365, 2.76045, 0, null],
		[ new Date(2018,3,18,17,26,13), 0, 162.21326, 6.35377, 0, null],
		[ new Date(2018,3,18,17,26,12), 0, 49.2097, 2.7854, 0, null],
		[ new Date(2018,3,18,17,26,11), 0, 215.2922, 2.9461, 0, null],
		[ new Date(2018,3,18,17,26,10), 0, 315.627, 7.03091, 0, null],
		[ new Date(2018,3,18,17,26,9), 0, 1207.8192, 10.4867, 0, null],
		[ new Date(2018,3,18,17,26,8), 0, 44.0383, 1.8748, 0, null],
		[ new Date(2018,3,18,17,26,7), 0, 155.05942, 8.3019, 0, null],
		[ new Date(2018,3,18,17,26,6), 0, 252.8345, 5.72278, 0, null],
		[ new Date(2018,3,18,17,26,5), 0, 22.935, 0.9976, 0, null],
		[ new Date(2018,3,18,17,26,4), 0, 711.9627, 7.78478, 0, null],
		[ new Date(2018,3,18,17,26,3), 0, 274.7084, 5.9527, 0, null],
		[ new Date(2018,3,18,17,26,2), 0, 182.7627, 8.224, 0, null],
		[ new Date(2018,3,18,17,26,1), 0, 253.9577, 3.9996, 0, null],
		[ new Date(2018,3,18,17,26,0), 0, 42.40712, 3.37004, 0, null],
		[ new Date(2018,3,18,17,25,59), 0, 936.8539, 6.823, 0, null],
		[ new Date(2018,3,18,17,25,58), 0, 227.1661, 9.4824, 0, null],
		[ new Date(2018,3,18,17,25,57), 0, 119.32043, 5.89333, 0, null],
		[ new Date(2018,3,18,17,25,56), 0, 169.4165, 3.8321, 0, null],
		[ new Date(2018,3,18,17,25,55), 0, 388.7898, 5.833, 0, null],
		[ new Date(2018,3,18,17,25,54), 0, 8.93776, 2.49354, 0, null],
		[ new Date(2018,3,18,17,25,53), 0, 519.294, 2.04593, 0, null],
		[ new Date(2018,3,18,17,25,52), 0, 196.8481, 7.45223, 0, null],
		[ new Date(2018,3,18,17,25,51), 0, 143.44113, 1.99462, 0, null],
		[ new Date(2018,3,18,17,25,50), 0, 29.312, 1.6749, 0, null],
		[ new Date(2018,3,18,17,25,49), 0, 17.308, 7.692, 0, null],
		[ new Date(2018,3,18,17,25,48), 0, 40.3161, 1.00588, 0, null],
		[ new Date(2018,3,18,17,25,47), 0, 416.218, 8.7173, 0, null],
		[ new Date(2018,3,18,17,25,46), 0, 6.76566, 1.64183, 0, null],
		[ new Date(2018,3,18,17,25,45), 0, 215.9631, 2.01491, 0, null],
		[ new Date(2018,3,18,17,25,44), 0, 1095.8134, 3.8669, 0, null],
		[ new Date(2018,3,18,17,25,43), 0, 140.0633, 3.8645, 0, null],
		[ new Date(2018,3,18,17,25,42), 0, 15.1884, 3.7983, 0, null],
		[ new Date(2018,3,18,17,25,41), 0, 98.54142, 2.95473, 0, null],
		[ new Date(2018,3,18,17,25,40), 0, 124.6592, 8.3104, 0, null],
		[ new Date(2018,3,18,17,25,39), 0, 173.081, 4.7833, 0, null],
		[ new Date(2018,3,18,17,25,38), 0, 8.12363, 0.03472, 0, null],
		[ new Date(2018,3,18,17,25,37), 0, 107.70316, 2.93329, 0, null],
		[ new Date(2018,3,18,17,25,36), 0, 901.4064, 13.4647, 0, null],
		[ new Date(2018,3,18,17,25,35), 0, 63.48562, 3.00821, 0, null],
		[ new Date(2018,3,18,17,25,34), 0, 19.68727, 3.68993, 0, null],
		[ new Date(2018,3,18,17,25,33), 0, 198.645, 6.56274, 0, null],
		[ new Date(2018,3,18,17,25,32), 0, 210.9178, 6.7075, 0, null],
		[ new Date(2018,3,18,17,25,31), 0, 21.73718, 3.07182, 0, null],
		[ new Date(2018,3,18,17,25,30), 0, 792.3884, 8.63627, 0, null],
		[ new Date(2018,3,18,17,25,29), 0, 275.9362, 3.9178, 0, null],
		[ new Date(2018,3,18,17,25,28), 0, 335.7179, 12.2581, 0, null],
		[ new Date(2018,3,18,17,25,27), 0, 90.32575, 2.13905, 0, null],
		[ new Date(2018,3,18,17,25,26), 0, 161.2928, 3.6622, 0, null],
		[ new Date(2018,3,18,17,25,25), 0, 822.4394, 11.70018, 0, null],
		[ new Date(2018,3,18,17,25,24), 0, 702.6787, 8.82006, 0, null],
		[ new Date(2018,3,18,17,25,23), 0, 132.1539, 3.8843, 0, null],
		[ new Date(2018,3,18,17,25,22), 0, 154.1685, 3.9811, 0, null],
		[ new Date(2018,3,18,17,25,21), 0, 373.0241, 5.7846, 0, null],
		[ new Date(2018,3,18,17,25,20), 0, 4.499, 1.4996, 0, null],
		[ new Date(2018,3,18,17,25,19), 0, 15.9957, 3.96911, 0, null],
		[ new Date(2018,3,18,17,25,18), 0, 737.9984, 6.8377, 0, null],
		[ new Date(2018,3,18,17,25,17), 0, 101.1496, 0.9925, 0, null],
		[ new Date(2018,3,18,17,25,16), 0, 19.99314, 1.89891, 0, null],
		[ new Date(2018,3,18,17,25,15), 0, 12.1712, 0.8117, 0, null],
		[ new Date(2018,3,18,17,25,14), 0, 4.95794, 1.26111, 0, null],
		[ new Date(2018,3,18,17,25,13), 0, 16.9887, 5.9977, 0, null],
		[ new Date(2018,3,18,17,25,12), 0, 89.85798, 2.97398, 0, null],
		[ new Date(2018,3,18,17,25,11), 0, 148.21332, 8.2449, 0, null],
		[ new Date(2018,3,18,17,25,10), 0, 173.7633, 6.8387, 0, null],
		[ new Date(2018,3,18,17,25,9), 0, 4.80408, 3.20179, 0, null],
		[ new Date(2018,3,18,17,25,8), 0, 348.6099, 2.94751, 0, null],
		[ new Date(2018,3,18,17,25,7), 0, 623.7308, 6.7569, 0, null],
		[ new Date(2018,3,18,17,25,6), 0, 2.84365, 1.34284, 0, null],
		[ new Date(2018,3,18,17,25,5), 0, 17.9848, 1.9987, 0, null],
		[ new Date(2018,3,18,17,25,4), 0, 208.6316, 8.19245, 0, null],
		[ new Date(2018,3,18,17,25,3), 0, 107.53906, 4.26518, 0, null],
		[ new Date(2018,3,18,17,25,2), 0, 126.807, 34.727, 0, null],
		[ new Date(2018,3,18,17,25,1), 0, 18.1354, 2.8633, 0, null],
		[ new Date(2018,3,18,17,25,0), 0, 884.4511, 11.36509, 0, null],
		[ new Date(2018,3,18,17,24,59), 0, 369.6832, 1.991, 0, null],
		[ new Date(2018,3,18,17,24,58), 0, 17.74175, 6.12848, 0, null],
		[ new Date(2018,3,18,17,24,57), 0, 370.6297, 12.19028, 0, null],
		[ new Date(2018,3,18,17,24,56), 0, 170.0344, 4.6988, 0, null],
		[ new Date(2018,3,18,17,24,55), 0, 236.8599, 5.8507, 0, null],
		[ new Date(2018,3,18,17,24,54), 0, 294.3094, 5.05316, 0, null],
		[ new Date(2018,3,18,17,24,53), 0, 837.3253, 4.5737, 0, null],
		[ new Date(2018,3,18,17,24,52), 0, 59.99135, 5.54118, 0, null],
		[ new Date(2018,3,18,17,24,51), 0, 1321.5014, 12.7383, 0, null],
		[ new Date(2018,3,18,17,24,50), 0, 87.04209, 1.0384, 0, null],
		[ new Date(2018,3,18,17,24,49), 0, 232.665, 3.9968, 0, null],
		[ new Date(2018,3,18,17,24,48), 0, 27.64384, 3.52939, 0, null],
		[ new Date(2018,3,18,17,24,47), 0, 821.0303, 6.7559, 0, null],
		[ new Date(2018,3,18,17,24,46), 0, 208.9206, 2.941, 0, null],
		[ new Date(2018,3,18,17,24,45), 0, 57.9239, 4.9959, 0, null],
		[ new Date(2018,3,18,17,24,44), 0, 329.7596, 8.26192, 0, null],
		[ new Date(2018,3,18,17,24,43), 0, 92.26635, 2.01662, 0, null],
		[ new Date(2018,3,18,17,24,42), 0, 180.0084, 4.8398, 0, null],
		[ new Date(2018,3,18,17,24,41), 0, 380.1266, 4.8553, 0, null],
		[ new Date(2018,3,18,17,24,40), 0, 1.09592, 1.04291, 0, null],
		[ new Date(2018,3,18,17,24,39), 0, 20.85602, 5.0222, 0, null],
		[ new Date(2018,3,18,17,24,38), 0, 837.4943, 6.66749, 0, null],
		[ new Date(2018,3,18,17,24,37), 0, 360.0718, 4.9643, 0, null],
		[ new Date(2018,3,18,17,24,36), 0, 2.66446, 2.49331, 0, null],
		[ new Date(2018,3,18,17,24,35), 0, 16.1888, 1.7989, 0, null],
		[ new Date(2018,3,18,17,24,34), 0, 19.3696, 1.95602, 0, null],
		[ new Date(2018,3,18,17,24,33), 0, 371.5171, 7.4678, 0, null],
		[ new Date(2018,3,18,17,24,32), 0, 98.9911, 6.931, 0, null],
		[ new Date(2018,3,18,17,24,31), 0, 225.0056, 3.8475, 0, null],
		[ new Date(2018,3,18,17,24,30), 0, 5.14706, 3.9853, 0, null],
		[ new Date(2018,3,18,17,24,29), 0, 31.56293, 2.5683, 0, null],
		[ new Date(2018,3,18,17,24,28), 0, 1140.6454, 8.00044, 0, null],
		[ new Date(2018,3,18,17,24,27), 0, 812.8911, 14.5616, 0, null],
		[ new Date(2018,3,18,17,24,26), 0, 3.09954, 1.12593, 0, null],
		[ new Date(2018,3,18,17,24,25), 0, 18.9998, 3.9996, 0, null],
		[ new Date(2018,3,18,17,24,24), 0, 393.4994, 8.4721, 0, null],
		[ new Date(2018,3,18,17,24,23), 0, 139.23584, 2.91657, 0, null],
		[ new Date(2018,3,18,17,24,22), 0, 213.8404, 5.8616, 0, null],
		[ new Date(2018,3,18,17,24,21), 0, 22.82324, 5.8021, 0, null],
		[ new Date(2018,3,18,17,24,20), 0, 864.2486, 8.6611, 0, null],
		[ new Date(2018,3,18,17,24,19), 0, 336.7194, 0.9935, 0, null],
		[ new Date(2018,3,18,17,24,18), 0, 18.9986, 3.9995, 0, null],
		[ new Date(2018,3,18,17,24,17), 0, 332.8887, 9.16523, 0, null],
		[ new Date(2018,3,18,17,24,16), 0, 329.492, 4.8914, 0, null],
		[ new Date(2018,3,18,17,24,15), 0, 10.69859, 2.87138, 0, null],
		[ new Date(2018,3,18,17,24,14), 0, 582.9301, 8.75011, 0, null],
		[ new Date(2018,3,18,17,24,13), 0, 643.7635, 6.6907, 0, null],
		[ new Date(2018,3,18,17,24,12), 0, 5.96725, 3.80996, 0, null],
		[ new Date(2018,3,18,17,24,11), 0, 429.4261, 8.63142, 0, null],
		[ new Date(2018,3,18,17,24,10), 0, 160.6697, 5.6449, 0, null],
		[ new Date(2018,3,18,17,24,9), 0, 119.96765, 7.01417, 0, null],
		[ new Date(2018,3,18,17,24,8), 0, 160.6211, 1.8698, 0, null],
		[ new Date(2018,3,18,17,24,7), 0, 611.6213, 3.01377, 0, null],
		[ new Date(2018,3,18,17,24,6), 0, 585.4787, 8.7068, 0, null],
		[ new Date(2018,3,18,17,24,5), 0, 685.626, 1.9934, 0, null],
		[ new Date(2018,3,18,17,24,4), 0, 284.9779, 9.2041, 0, null],
		[ new Date(2018,3,18,17,24,3), 0, 67.72938, 7.66572, 0, null],
		[ new Date(2018,3,18,17,24,2), 0, 199.4898, 2.8709, 0, null],
		[ new Date(2018,3,18,17,24,1), 0, 386.3447, 1.9572, 0, null],
		[ new Date(2018,3,18,17,24,0), 0, 2.1335, 3.98685, 0, null],
		[ new Date(2018,3,18,17,23,59), 0, 24.17562, 2.43173, 0, null],
		[ new Date(2018,3,18,17,23,58), 0, 848.7373, 4.8066, 0, null],
		[ new Date(2018,3,18,17,23,57), 0, 248.2755, 4.90514, 0, null],
		[ new Date(2018,3,18,17,23,56), 0, 38.7851, 1.8536, 0, null],
		[ new Date(2018,3,18,17,23,55), 0, 6.12253, 3.02564, 0, null],
		[ new Date(2018,3,18,17,23,54), 0, 15.9793, 4.9966, 0, null],
		[ new Date(2018,3,18,17,23,53), 0, 10.40302, 1.05726, 0, null],
		[ new Date(2018,3,18,17,23,52), 0, 709.9562, 5.80194, 0, null],
		[ new Date(2018,3,18,17,23,51), 0, 105.8362, 5.0025, 0, null],
		[ new Date(2018,3,18,17,23,50), 0, 190.7258, 2.9369, 0, null],
		[ new Date(2018,3,18,17,23,49), 0, 7.67072, 2.3422, 0, null],
		[ new Date(2018,3,18,17,23,48), 0, 14.89478, 5.16286, 0, null],
		[ new Date(2018,3,18,17,23,47), 0, 736.0096, 6.7317, 0, null],
		[ new Date(2018,3,18,17,23,46), 0, 430.6733, 5.8485, 0, null],
		[ new Date(2018,3,18,17,23,45), 0, 3.9968, 4.9967, 0, null],
		[ new Date(2018,3,18,17,23,44), 0, 22.27089, 3.68004, 0, null],
		[ new Date(2018,3,18,17,23,43), 0, 403.4211, 6.522, 0, null],
		[ new Date(2018,3,18,17,23,42), 0, 72.80973, 5.00029, 0, null],
		[ new Date(2018,3,18,17,23,41), 0, 184.8386, 4.8177, 0, null],
		[ new Date(2018,3,18,17,23,40), 0, 26.9831, 2.07135, 0, null],
		[ new Date(2018,3,18,17,23,39), 0, 627.5773, 6.79984, 0, null],
		[ new Date(2018,3,18,17,23,38), 0, 642.3288, 4.8264, 0, null],
		[ new Date(2018,3,18,17,23,37), 0, 25.9643, 3.9377, 0, null],
		[ new Date(2018,3,18,17,23,36), 0, 284.159, 3.08384, 0, null],
		[ new Date(2018,3,18,17,23,35), 0, 495.0587, 10.3472, 0, null],
		[ new Date(2018,3,18,17,23,34), 0, 90.82833, 8.17354, 0, null],
		[ new Date(2018,3,18,17,23,33), 0, 226.2872, 1.9442, 0, null],
		[ new Date(2018,3,18,17,23,32), 0, 69.15152, 2.75536, 0, null],
		[ new Date(2018,3,18,17,23,31), 0, 1194.6215, 5.81398, 0, null],
		[ new Date(2018,3,18,17,23,30), 0, 196.3076, 2.9749, 0, null],
		[ new Date(2018,3,18,17,23,29), 0, 243.7273, 9.2668, 0, null],
		[ new Date(2018,3,18,17,23,28), 0, 280.5793, 5.6916, 0, null],
		[ new Date(2018,3,18,17,23,27), 0, 129.291, 7.613, 0, null],
		[ new Date(2018,3,18,17,23,26), 0, 172.6319, 2.8801, 0, null],
		[ new Date(2018,3,18,17,23,25), 0, 835.4494, 7.08281, 0, null],
		[ new Date(2018,3,18,17,23,24), 0, 746.5514, 13.2485, 0, null],
		[ new Date(2018,3,18,17,23,23), 0, 771.8745, 4.01849, 0, null],
		[ new Date(2018,3,18,17,23,22), 0, 535.175, 5.5354, 0, null],
		[ new Date(2018,3,18,17,23,21), 0, 375.9089, 5.9204, 0, null],
		[ new Date(2018,3,18,17,23,20), 0, 9.53356, 2.3544, 0, null],
		[ new Date(2018,3,18,17,23,19), 0, 372.4073, 3.8318, 0, null],
		[ new Date(2018,3,18,17,23,18), 0, 1.68196, 1.03993, 0, null],
		[ new Date(2018,3,18,17,23,17), 0, 69.51261, 4.3504, 0, null],
		[ new Date(2018,3,18,17,23,16), 0, 991.1195, 7.70351, 0, null],
		[ new Date(2018,3,18,17,23,15), 0, 244.1581, 4.9233, 0, null],
		[ new Date(2018,3,18,17,23,14), 0, 4.15402, 1.03552, 0, null],
		[ new Date(2018,3,18,17,23,13), 0, 16.9855, 3.9978, 0, null],
		[ new Date(2018,3,18,17,23,12), 0, 122.59729, 6.46001, 0, null],
		[ new Date(2018,3,18,17,23,11), 0, 531.1891, 8.6745, 0, null],
		[ new Date(2018,3,18,17,23,10), 0, 193.8584, 0.9797, 0, null],
		[ new Date(2018,3,18,17,23,9), 0, 4.16581, 3.99445, 0, null],
		[ new Date(2018,3,18,17,23,8), 0, 28.0514, 3.3663, 0, null],
		[ new Date(2018,3,18,17,23,7), 0, 846.6703, 3.86849, 0, null],
		[ new Date(2018,3,18,17,23,6), 0, 1007.2285, 6.8811, 0, null],
		[ new Date(2018,3,18,17,23,5), 0, 142.16425, 1.98615, 0, null],
		[ new Date(2018,3,18,17,23,4), 0, 93.88, 3.8515, 0, null],
		[ new Date(2018,3,18,17,23,3), 0, 38.68951, 3.81573, 0, null],
		[ new Date(2018,3,18,17,23,2), 0, 323.323, 4.71817, 0, null],
		[ new Date(2018,3,18,17,23,1), 0, 692.4285, 8.4189, 0, null],
		[ new Date(2018,3,18,17,23,0), 0, 445.6752, 6.85308, 0, null],
		[ new Date(2018,3,18,17,22,59), 0, 255.8795, 2.9558, 0, null],
		[ new Date(2018,3,18,17,22,58), 0, 2.38931, 0.03458, 0, null],
		[ new Date(2018,3,18,17,22,57), 0, 55.33391, 3.43304, 0, null],
		[ new Date(2018,3,18,17,22,56), 0, 1273.2253, 7.7297, 0, null],
		[ new Date(2018,3,18,17,22,55), 0, 1189.7491, 7.9238, 0, null],
		[ new Date(2018,3,18,17,22,54), 0, 109.62542, 4.86363, 0, null],
		[ new Date(2018,3,18,17,22,53), 0, 145.06277, 0.97958, 0, null],
		[ new Date(2018,3,18,17,22,52), 0, 144.57117, 0.02849, 0, null],
		[ new Date(2018,3,18,17,22,51), 0, 174.2083, 1.9817, 0, null],
		[ new Date(2018,3,18,17,22,50), 0, 3.40043, 0.86324, 0, null],
		[ new Date(2018,3,18,17,22,49), 0, 37.69954, 6.65471, 0, null],
		[ new Date(2018,3,18,17,22,48), 0, 1297.9607, 11.4979, 0, null],
		[ new Date(2018,3,18,17,22,47), 0, 18.02721, 0.93858, 0, null],
		[ new Date(2018,3,18,17,22,46), 0, 795.9231, 4.00981, 0, null],
		[ new Date(2018,3,18,17,22,45), 0, 85.13288, 6.59408, 0, null],
		[ new Date(2018,3,18,17,22,44), 0, 135.41819, 2.97102, 0, null],
		[ new Date(2018,3,18,17,22,43), 0, 290.3493, 3.8863, 0, null],
		[ new Date(2018,3,18,17,22,42), 0, 11.35068, 3.72582, 0, null],
		[ new Date(2018,3,18,17,22,41), 0, 34.89958, 1.82998, 0, null],
		[ new Date(2018,3,18,17,22,40), 0, 1258.0088, 1.9376, 0, null],
		[ new Date(2018,3,18,17,22,39), 0, 1239.9373, 6.962, 0, null],
		[ new Date(2018,3,18,17,22,38), 0, 40.8872, 3.8946, 0, null],
		[ new Date(2018,3,18,17,22,37), 0, 61.96351, 2.02615, 0, null],
		[ new Date(2018,3,18,17,22,36), 0, 131.36139, 3.90208, 0, null],
		[ new Date(2018,3,18,17,22,35), 0, 144.28675, 2.89928, 0, null],
		[ new Date(2018,3,18,17,22,34), 0, 149.8159, 0, 0, null],
		[ new Date(2018,3,18,17,22,33), 0, 157.1228, 3.856, 0, null],
		[ new Date(2018,3,18,17,22,32), 0, 164.9987, 1.9303, 0, null],
		[ new Date(2018,3,18,17,22,31), 0, 27.0826, 2.9017, 0, null],
		[ new Date(2018,3,18,17,22,30), 0, 1073.5491, 9.39686, 0, null],
		[ new Date(2018,3,18,17,22,29), 0, 431.7326, 8.9009, 0, null],
		[ new Date(2018,3,18,17,22,28), 0, 11.91133, 0.8377, 0, null],
		[ new Date(2018,3,18,17,22,27), 0, 938.3722, 3.99618, 0, null],
		[ new Date(2018,3,18,17,22,26), 0, 132.6478, 1.9855, 0, null],
		[ new Date(2018,3,18,17,22,25), 0, 80.9597, 1.9992, 0, null],
		[ new Date(2018,3,18,17,22,24), 0, 96.6977, 3.97395, 0, null],
		[ new Date(2018,3,18,17,22,23), 0, 220.8847, 2.00043, 0, null],
		[ new Date(2018,3,18,17,22,22), 0, 127.9412, 3.821, 0, null],
		[ new Date(2018,3,18,17,22,21), 0, 192.7983, 5.996, 0, null],
		[ new Date(2018,3,18,17,22,20), 0, 27.13897, 3.48607, 0, null],
		[ new Date(2018,3,18,17,22,19), 0, 872.4548, 2.09911, 0, null],
		[ new Date(2018,3,18,17,22,18), 0, 1237.5107, 7.8362, 0, null],
		[ new Date(2018,3,18,17,22,17), 0, 995.1507, 2.9241, 0, null],
		[ new Date(2018,3,18,17,22,16), 0, 22.12087, 0.02546, 0, null],
		[ new Date(2018,3,18,17,22,15), 0, 106.8556, 1.9792, 0, null],
		[ new Date(2018,3,18,17,22,14), 0, 137.74262, 2.92545, 0, null],
		[ new Date(2018,3,18,17,22,13), 0, 111.9831, 1.9996, 0, null],
		[ new Date(2018,3,18,17,22,12), 0, 120.93696, 1.06545, 0, null],
		[ new Date(2018,3,18,17,22,11), 0, 187.3338, 5.8289, 0, null],
		[ new Date(2018,3,18,17,22,10), 0, 127.9991, 0, 0, null],
		[ new Date(2018,3,18,17,22,9), 0, 166.8511, 1.9186, 0, null],
		[ new Date(2018,3,18,17,22,8), 0, 127.65078, 5.92203, 0, null],
		[ new Date(2018,3,18,17,22,7), 0, 97.3749, 3.8998, 0, null],
		[ new Date(2018,3,18,17,22,6), 0, 1376.7793, 7.97124, 0, null],
		[ new Date(2018,3,18,17,22,5), 0, 916.3508, 7.613, 0, null],
		[ new Date(2018,3,18,17,22,4), 0, 2.55465, 2.50728, 0, null],
		[ new Date(2018,3,18,17,22,3), 0, 21.86482, 3.06268, 0, null],
		[ new Date(2018,3,18,17,22,2), 0, 1186.1461, 7.88047, 0, null],
		[ new Date(2018,3,18,17,22,1), 0, 138.57469, 0.03917, 0, null],
		[ new Date(2018,3,18,17,22,0), 0, 106.0493, 2.9191, 0, null],
		[ new Date(2018,3,18,17,21,59), 0, 141.45857, 4.90863, 0, null],
		[ new Date(2018,3,18,17,21,58), 0, 160.34103, 2.9145, 0, null],
		[ new Date(2018,3,18,17,21,57), 0, 111.56354, 2.04764, 0, null],
		[ new Date(2018,3,18,17,21,56), 0, 277.4473, 8.8276, 0, null],
		[ new Date(2018,3,18,17,21,55), 0, 179.3424, 3.8379, 0, null],
		[ new Date(2018,3,18,17,21,54), 0, 216.0027, 1.9337, 0, null],
		[ new Date(2018,3,18,17,21,53), 0, 4.13634, 3.97601, 0, null],
		[ new Date(2018,3,18,17,21,52), 0, 21.80414, 1.81603, 0, null],
		[ new Date(2018,3,18,17,21,51), 0, 542.5769, 4.00802, 0, null],
		[ new Date(2018,3,18,17,21,50), 0, 1023.8686, 14.0015, 0, null],
		[ new Date(2018,3,18,17,21,49), 0, 821.411, 5.02106, 0, null],
		[ new Date(2018,3,18,17,21,48), 0, 650.9036, 0.8131, 0, null],
		[ new Date(2018,3,18,17,21,47), 0, 50.42614, 3.88814, 0, null],
		[ new Date(2018,3,18,17,21,46), 0, 76.17009, 0.9303, 0, null],
		[ new Date(2018,3,18,17,21,45), 0, 82.0112, 1.9531, 0, null],
		[ new Date(2018,3,18,17,21,44), 0, 117.15478, 3.97266, 0, null],
		[ new Date(2018,3,18,17,21,43), 0, 128.50002, 1.92824, 0, null],
		[ new Date(2018,3,18,17,21,42), 0, 159.80624, 1.03906, 0, null],
		[ new Date(2018,3,18,17,21,41), 0, 140.72793, 3.87855, 0, null],
		[ new Date(2018,3,18,17,21,40), 0, 180.679, 0.99159, 0, null],
		[ new Date(2018,3,18,17,21,39), 0, 106.1577, 0.9843, 0, null],
		[ new Date(2018,3,18,17,21,38), 0, 202.6456, 6.7932, 0, null],
		[ new Date(2018,3,18,17,21,37), 0, 5.07686, 1.35788, 0, null],
		[ new Date(2018,3,18,17,21,36), 0, 34.9909, 2.9995, 0, null],
		[ new Date(2018,3,18,17,21,35), 0, 18.85867, 4.4654, 0, null],
		[ new Date(2018,3,18,17,21,34), 0, 997.1125, 2.06012, 0, null],
		[ new Date(2018,3,18,17,21,33), 0, 1492.1085, 7.8303, 0, null],
		[ new Date(2018,3,18,17,21,32), 0, 10.9771, 3.9926, 0, null],
		[ new Date(2018,3,18,17,21,31), 0, 0.99798, 2.01532, 0, null],
		[ new Date(2018,3,18,17,21,30), 0, 22.08351, 3.30537, 0, null],
		[ new Date(2018,3,18,17,21,29), 0, 1651.058, 10.82476, 0, null],
		[ new Date(2018,3,18,17,21,28), 0, 61.41079, 1.80266, 0, null],
		[ new Date(2018,3,18,17,21,27), 0, 74.57219, 1.95532, 0, null],
		[ new Date(2018,3,18,17,21,26), 0, 224.9302, 3.9463, 0, null],
		[ new Date(2018,3,18,17,21,25), 0, 149.42899, 3.90556, 0, null],
		[ new Date(2018,3,18,17,21,24), 0, 157.8669, 0.9928, 0, null],
		[ new Date(2018,3,18,17,21,23), 0, 286.3413, 4.9243, 0, null],
		[ new Date(2018,3,18,17,21,22), 0, 2.3987, 1.5994, 0, null],
		[ new Date(2018,3,18,17,21,21), 0, 8.067, 0.73445, 0, null],
		[ new Date(2018,3,18,17,21,20), 0, 82.83464, 5.51962, 0, null],
		[ new Date(2018,3,18,17,21,19), 0, 1588.7684, 6.9012, 0, null],
		[ new Date(2018,3,18,17,21,18), 0, 525.8645, 1.06812, 0, null],
		[ new Date(2018,3,18,17,21,17), 0, 908.043, 2.8378, 0, null],
		[ new Date(2018,3,18,17,21,16), 0, 16.2844, 2.7138, 0, null],
		[ new Date(2018,3,18,17,21,15), 0, 47.96745, 2.01267, 0, null],
		[ new Date(2018,3,18,17,21,14), 0, 119.12533, 2.92536, 0, null],
		[ new Date(2018,3,18,17,21,13), 0, 121.9905, 0.9918, 0, null],
		[ new Date(2018,3,18,17,21,12), 0, 110.9554, 0.9732, 0, null],
		[ new Date(2018,3,18,17,21,11), 0, 129.20786, 3.91744, 0, null],
		[ new Date(2018,3,18,17,21,10), 0, 132.9782, 1.9998, 0, null],
		[ new Date(2018,3,18,17,21,9), 0, 187.9131, 1.94482, 0, null],
		[ new Date(2018,3,18,17,21,8), 0, 95.9384, 2.9982, 0, null],
		[ new Date(2018,3,18,17,21,7), 0, 79.1444, 3.8144, 0, null],
		[ new Date(2018,3,18,17,21,6), 0, 180.951, 3.8928, 0, null],
		[ new Date(2018,3,18,17,21,5), 0, 5.17954, 3.17487, 0, null],
		[ new Date(2018,3,18,17,21,4), 0, 39.20852, 1.03662, 0, null],
		[ new Date(2018,3,18,17,21,3), 0, 299.7287, 3.93554, 0, null],
		[ new Date(2018,3,18,17,21,2), 0, 1079.6254, 6.8427, 0, null],
		[ new Date(2018,3,18,17,21,1), 0, 556.9375, 4.8393, 0, null],
		[ new Date(2018,3,18,17,21,0), 0, 1.37982, 1.73028, 0, null],
		[ new Date(2018,3,18,17,20,59), 0, 9.9999, 3, 0, null],
		[ new Date(2018,3,18,17,20,58), 0, 538.9635, 1.98311, 0, null],
		[ new Date(2018,3,18,17,20,57), 0, 1349.572, 1.9994, 0, null],
		[ new Date(2018,3,18,17,20,56), 0, 49.23346, 2.0193, 0, null],
		[ new Date(2018,3,18,17,20,55), 0, 62.57498, 6.30907, 0, null],
		[ new Date(2018,3,18,17,20,54), 0, 56.0911, 2.901, 0, null],
		[ new Date(2018,3,18,17,20,53), 0, 98.86508, 4.72129, 0, null],
		[ new Date(2018,3,18,17,20,52), 0, 137.0012, 0.9578, 0, null],
		[ new Date(2018,3,18,17,20,51), 0, 170.0637, 4.94477, 0, null],
		[ new Date(2018,3,18,17,20,50), 0, 95.0472, 2.9085, 0, null],
		[ new Date(2018,3,18,17,20,49), 0, 251.1642, 0.9856, 0, null],
		[ new Date(2018,3,18,17,20,48), 0, 7.28532, 1.82652, 0, null],
		[ new Date(2018,3,18,17,20,47), 0, 29.66005, 4.01197, 0, null],
		[ new Date(2018,3,18,17,20,46), 0, 1267.625, 4.8796, 0, null],
		[ new Date(2018,3,18,17,20,45), 0, 12.6165, 3.0124, 0, null],
		[ new Date(2018,3,18,17,20,44), 0, 227.1946, 3.97786, 0, null],
		[ new Date(2018,3,18,17,20,43), 0, 740.8233, 1.923, 0, null],
		[ new Date(2018,3,18,17,20,42), 0, 14.6792, 4.3178, 0, null],
		[ new Date(2018,3,18,17,20,41), 0, 28.1415, 2.81386, 0, null],
		[ new Date(2018,3,18,17,20,40), 0, 101.154, 2.93114, 0, null],
		[ new Date(2018,3,18,17,20,39), 0, 176.3779, 4.51317, 0, null],
		[ new Date(2018,3,18,17,20,38), 0, 108.7074, 40.2107, 0, null],
		[ new Date(2018,3,18,17,20,37), 0, 191.2368, 4.99709, 0, null],
		[ new Date(2018,3,18,17,20,36), 0, 190.2877, 10.6284, 0, null],
		[ new Date(2018,3,18,17,20,35), 0, 301.5745, 5.8404, 0, null],
		[ new Date(2018,3,18,17,20,34), 0, 153.42423, 8.61522, 0, null],
		[ new Date(2018,3,18,17,20,33), 0, 217.382, 0.9748, 0, null],
		[ new Date(2018,3,18,17,20,32), 0, 114.984, 3.9996, 0, null],
		[ new Date(2018,3,18,17,20,31), 0, 108.53953, 2.05168, 0, null],
		[ new Date(2018,3,18,17,20,30), 0, 1336.578, 5.96026, 0, null],
		[ new Date(2018,3,18,17,20,29), 0, 552.4537, 7.6661, 0, null],
		[ new Date(2018,3,18,17,20,28), 0, 89.4727, 1.9478, 0, null],
		[ new Date(2018,3,18,17,20,27), 0, 1373.6816, 4.99462, 0, null],
		[ new Date(2018,3,18,17,20,26), 0, 117.56289, 5.67896, 0, null],
		[ new Date(2018,3,18,17,20,25), 0, 146.1705, 3.9049, 0, null],
		[ new Date(2018,3,18,17,20,24), 0, 160.99519, 3.97581, 0, null],
		[ new Date(2018,3,18,17,20,23), 0, 223.0165, 3.9132, 0, null],
		[ new Date(2018,3,18,17,20,22), 0, 206.874, 4.9035, 0, null],
		[ new Date(2018,3,18,17,20,21), 0, 321.649, 2.9985, 0, null],
		[ new Date(2018,3,18,17,20,20), 0, 89.0456, 2.9355, 0, null],
		[ new Date(2018,3,18,17,20,19), 0, 121.91542, 4.79331, 0, null],
		[ new Date(2018,3,18,17,20,18), 0, 1317.2344, 11.73544, 0, null],
		[ new Date(2018,3,18,17,20,17), 0, 856.7725, 9.48056, 0, null],
		[ new Date(2018,3,18,17,20,16), 0, 1144.9132, 1.7562, 0, null],
		[ new Date(2018,3,18,17,20,15), 0, 83.21986, 2.07226, 0, null],
		[ new Date(2018,3,18,17,20,14), 0, 98.5517, 7.4368, 0, null],
		[ new Date(2018,3,18,17,20,13), 0, 136.50297, 5.9168, 0, null],
		[ new Date(2018,3,18,17,20,12), 0, 236.5677, 5.88344, 0, null],
		[ new Date(2018,3,18,17,20,11), 0, 189.6457, 7.73, 0, null],
		[ new Date(2018,3,18,17,20,10), 0, 177.5879, 4.898, 0, null],
		[ new Date(2018,3,18,17,20,9), 0, 578.2473, 9.7605, 0, null],
		[ new Date(2018,3,18,17,20,8), 0, 130.875, 1.9692, 0, null],
		[ new Date(2018,3,18,17,20,7), 0, 230.8302, 2.9478, 0, null],
		[ new Date(2018,3,18,17,20,6), 0, 122.93889, 4.0016, 0, null],
		[ new Date(2018,3,18,17,20,5), 0, 1143.9467, 9.57207, 0, null],
		[ new Date(2018,3,18,17,20,4), 0, 558.8551, 3.9049, 0, null],
		[ new Date(2018,3,18,17,20,3), 0, 83.83348, 2.07406, 0, null],
		[ new Date(2018,3,18,17,20,2), 0, 1146.8376, 9.89455, 0, null],
		[ new Date(2018,3,18,17,20,1), 0, 126.89317, 3.77089, 0, null],
		[ new Date(2018,3,18,17,20,0), 0, 172.7735, 1.93821, 0, null],
		[ new Date(2018,3,18,17,19,59), 0, 212.9832, 2.9716, 0, null],
		[ new Date(2018,3,18,17,19,58), 0, 283.2487, 2.15401, 0, null],
		[ new Date(2018,3,18,17,19,57), 0, 126.6157, 14.8386, 0, null],
		[ new Date(2018,3,18,17,19,56), 0, 345.3333, 5.18657, 0, null],
		[ new Date(2018,3,18,17,19,55), 0, 1258.4166, 9.1813, 0, null],
		[ new Date(2018,3,18,17,19,54), 0, 1693.9, 3.9756, 0, null],
		[ new Date(2018,3,18,17,19,53), 0, 89.07798, 2.01271, 0, null],
		[ new Date(2018,3,18,17,19,52), 0, 87.25558, 2.96788, 0, null],
		[ new Date(2018,3,18,17,19,51), 0, 100.13512, 2.96887, 0, null],
		[ new Date(2018,3,18,17,19,50), 0, 104.96447, 4.82966, 0, null],
		[ new Date(2018,3,18,17,19,49), 0, 157.9174, 1.9631, 0, null],
		[ new Date(2018,3,18,17,19,48), 0, 131.9028, 1.0009, 0, null],
		[ new Date(2018,3,18,17,19,47), 0, 83.79665, 5.60554, 0, null],
		[ new Date(2018,3,18,17,19,46), 0, 36.9345, 3.9934, 0, null],
		[ new Date(2018,3,18,17,19,45), 0, 92.38935, 1.00153, 0, null],
		[ new Date(2018,3,18,17,19,44), 0, 32.71415, 4.59342, 0, null],
		[ new Date(2018,3,18,17,19,43), 0, 60.11632, 2.0111, 0, null],
		[ new Date(2018,3,18,17,19,42), 0, 66.41811, 2.84789, 0, null],
		[ new Date(2018,3,18,17,19,41), 0, 159.074, 3.9275, 0, null],
		[ new Date(2018,3,18,17,19,40), 0, 20.1278, 3.8348, 0, null],
		[ new Date(2018,3,18,17,19,39), 0, 61.52577, 1.00114, 0, null],
		[ new Date(2018,3,18,17,19,38), 0, 193.2169, 4.97292, 0, null],
		[ new Date(2018,3,18,17,19,37), 0, 1247.2803, 6.84902, 0, null],
		[ new Date(2018,3,18,17,19,36), 0, 718.7397, 4.7724, 0, null],
		[ new Date(2018,3,18,17,19,35), 0, 5.10119, 1.7408, 0, null],
		[ new Date(2018,3,18,17,19,34), 0, 286.3509, 3.93999, 0, null],
		[ new Date(2018,3,18,17,19,33), 0, 1112.167, 0.9956, 0, null],
		[ new Date(2018,3,18,17,19,32), 0, 65.1584, 2.833, 0, null],
		[ new Date(2018,3,18,17,19,31), 0, 44.19108, 5.27793, 0, null],
		[ new Date(2018,3,18,17,19,30), 0, 83.60538, 0.03926, 0, null],
		[ new Date(2018,3,18,17,19,29), 0, 125.50873, 2.91775, 0, null],
		[ new Date(2018,3,18,17,19,28), 0, 69.065, 4.7986, 0, null],
		[ new Date(2018,3,18,17,19,27), 0, 209.9159, 1.9618, 0, null],
		[ new Date(2018,3,18,17,19,26), 0, 328.9337, 1.9408, 0, null],
		[ new Date(2018,3,18,17,19,25), 0, 6.282, 4.7109, 0, null],
		[ new Date(2018,3,18,17,19,24), 0, 6.22166, 1.03144, 0, null],
		[ new Date(2018,3,18,17,19,23), 0, 41.48021, 3.69824, 0, null],
		[ new Date(2018,3,18,17,19,22), 0, 1393.3751, 10.14514, 0, null],
		[ new Date(2018,3,18,17,19,21), 0, 1305.8647, 3.7877, 0, null],
		[ new Date(2018,3,18,17,19,20), 0, 1066.7392, 5.9764, 0, null],
		[ new Date(2018,3,18,17,19,19), 0, 78.939, 2.9981, 0, null],
		[ new Date(2018,3,18,17,19,18), 0, 37.81645, 0.02469, 0, null],
		[ new Date(2018,3,18,17,19,17), 0, 22.22669, 2.04898, 0, null],
		[ new Date(2018,3,18,17,19,16), 0, 39.49022, 5.70189, 0, null],
		[ new Date(2018,3,18,17,19,15), 0, 126.77425, 2.92185, 0, null],
		[ new Date(2018,3,18,17,19,14), 0, 114.1406, 0.9949, 0, null],
		[ new Date(2018,3,18,17,19,13), 0, 59.88075, 3.91069, 0, null],
		[ new Date(2018,3,18,17,19,12), 0, 46.1483, 1.8458, 0, null],
		[ new Date(2018,3,18,17,19,11), 0, 28.06064, 1.91203, 0, null],
		[ new Date(2018,3,18,17,19,10), 0, 23.324, 4.6651, 0, null],
		[ new Date(2018,3,18,17,19,9), 0, 45.24143, 1.76374, 0, null],
		[ new Date(2018,3,18,17,19,8), 0, 45.57245, 1.02579, 0, null],
		[ new Date(2018,3,18,17,19,7), 0, 88.10242, 2.87743, 0, null],
		[ new Date(2018,3,18,17,19,6), 0, 159.9672, 0.9694, 0, null],
		[ new Date(2018,3,18,17,19,5), 0, 83.0398, 1.9312, 0, null],
		[ new Date(2018,3,18,17,19,4), 0, 23.3251, 4.6655, 0, null],
		[ new Date(2018,3,18,17,19,3), 0, 33.86428, 1.79072, 0, null],
		[ new Date(2018,3,18,17,19,2), 0, 4.9979, 0.9996, 0, null],
		[ new Date(2018,3,18,17,19,1), 0, 74.26227, 4.76534, 0, null],
		[ new Date(2018,3,18,17,19,0), 0, 154.564, 0.9861, 0, null],
		[ new Date(2018,3,18,17,18,59), 0, 2.80466, 1.55511, 0, null],
		[ new Date(2018,3,18,17,18,58), 0, 31.4784, 6.4843, 0, null],
		[ new Date(2018,3,18,17,18,57), 0, 101.36725, 1.05955, 0, null],
		[ new Date(2018,3,18,17,18,56), 0, 1449.4275, 7.8145, 0, null],
		[ new Date(2018,3,18,17,18,55), 0, 1276.9311, 9.6905, 0, null],
		[ new Date(2018,3,18,17,18,54), 0, 4.9944, 0.999, 0, null],
		[ new Date(2018,3,18,17,18,53), 0, 6.64496, 1.52901, 0, null],
		[ new Date(2018,3,18,17,18,52), 0, 509.8073, 3.93981, 0, null],
		[ new Date(2018,3,18,17,18,51), 0, 1242.1675, 0.9952, 0, null],
		[ new Date(2018,3,18,17,18,50), 0, 62.84249, 2.95151, 0, null],
		[ new Date(2018,3,18,17,18,49), 0, 44.34236, 5.82949, 0, null],
		[ new Date(2018,3,18,17,18,48), 0, 60.8027, 1.86704, 0, null],
		[ new Date(2018,3,18,17,18,47), 0, 107.9858, 0.9907, 0, null],
		[ new Date(2018,3,18,17,18,46), 0, 138.89581, 4.9052, 0, null],
		[ new Date(2018,3,18,17,18,45), 0, 117.0367, 2.7877, 0, null],
		[ new Date(2018,3,18,17,18,44), 0, 180.6345, 2.02259, 0, null],
		[ new Date(2018,3,18,17,18,43), 0, 144.5765, 3.9175, 0, null],
		[ new Date(2018,3,18,17,18,42), 0, 10.76298, 2.44148, 0, null],
		[ new Date(2018,3,18,17,18,41), 0, 42.85118, 2.80558, 0, null],
		[ new Date(2018,3,18,17,18,40), 0, 1303.3251, 8.7209, 0, null],
		[ new Date(2018,3,18,17,18,39), 0, 1506.7825, 4.57672, 0, null],
		[ new Date(2018,3,18,17,18,38), 0, 465.7623, 1.7517, 0, null],
		[ new Date(2018,3,18,17,18,37), 0, 11.18609, 3.96277, 0, null],
		[ new Date(2018,3,18,17,18,36), 0, 103.95209, 0.97521, 0, null],
		[ new Date(2018,3,18,17,18,35), 0, 113.78441, 1.06456, 0, null],
		[ new Date(2018,3,18,17,18,34), 0, 145.55888, 4.77812, 0, null],
		[ new Date(2018,3,18,17,18,33), 0, 159.8673, 1.9861, 0, null],
		[ new Date(2018,3,18,17,18,32), 0, 112.59786, 1.9919, 0, null],
		[ new Date(2018,3,18,17,18,31), 0, 133.993, 3.9119, 0, null],
		[ new Date(2018,3,18,17,18,30), 0, 122.9774, 0, 0, null],
		[ new Date(2018,3,18,17,18,29), 0, 131.78081, 3.92985, 0, null],
		[ new Date(2018,3,18,17,18,28), 0, 161.00169, 1.9681, 0, null],
		[ new Date(2018,3,18,17,18,27), 0, 106.2724, 0.9945, 0, null],
		[ new Date(2018,3,18,17,18,26), 0, 114.30093, 2.0237, 0, null],
		[ new Date(2018,3,18,17,18,25), 0, 132.7498, 4.9933, 0, null],
		[ new Date(2018,3,18,17,18,24), 0, 34.83221, 5.80652, 0, null],
		[ new Date(2018,3,18,17,18,23), 0, 19.1315, 1.14821, 0, null],
		[ new Date(2018,3,18,17,18,22), 0, 1215.0815, 12.82876, 0, null],
		[ new Date(2018,3,18,17,18,21), 0, 841.9487, 6.6361, 0, null],
		[ new Date(2018,3,18,17,18,20), 0, 2.9985, 1.9993, 0, null],
		[ new Date(2018,3,18,17,18,19), 0, 5.61739, 3.1539, 0, null],
		[ new Date(2018,3,18,17,18,18), 0, 157.43505, 1.04165, 0, null],
		[ new Date(2018,3,18,17,18,17), 0, 1135.0528, 4.9747, 0, null],
		[ new Date(2018,3,18,17,18,16), 0, 30.9758, 1.998, 0, null],
		[ new Date(2018,3,18,17,18,15), 0, 60.29452, 0.02738, 0, null],
		[ new Date(2018,3,18,17,18,14), 0, 81.90036, 2.04912, 0, null],
		[ new Date(2018,3,18,17,18,13), 0, 75.32533, 5.53177, 0, null],
		[ new Date(2018,3,18,17,18,12), 0, 141.48273, 1.98623, 0, null],
		[ new Date(2018,3,18,17,18,11), 0, 240.5262, 0.9987, 0, null],
		[ new Date(2018,3,18,17,18,10), 0, 90.0836, 1.8964, 0, null],
		[ new Date(2018,3,18,17,18,9), 0, 195.7702, 1.9776, 0, null],
		[ new Date(2018,3,18,17,18,8), 0, 14.92928, 3.78943, 0, null],
		[ new Date(2018,3,18,17,18,7), 0, 558.5325, 6.84424, 0, null],
		[ new Date(2018,3,18,17,18,6), 0, 705.4711, 3.8289, 0, null],
		[ new Date(2018,3,18,17,18,5), 0, 648.6943, 6.21927, 0, null],
		[ new Date(2018,3,18,17,18,4), 0, 766.2182, 4.767, 0, null],
		[ new Date(2018,3,18,17,18,3), 0, 16.2818, 1.7138, 0, null],
		[ new Date(2018,3,18,17,18,2), 0, 21.0011, 1, 0, null],
		[ new Date(2018,3,18,17,18,1), 0, 100.40502, 1.94325, 0, null],
		[ new Date(2018,3,18,17,18,0), 0, 126.08005, 1.96788, 0, null],
		[ new Date(2018,3,18,17,17,59), 0, 197.9179, 2.9546, 0, null],
		[ new Date(2018,3,18,17,17,58), 0, 23.9965, 2.9994, 0, null],
		[ new Date(2018,3,18,17,17,57), 0, 102.14291, 0.99986, 0, null],
		[ new Date(2018,3,18,17,17,56), 0, 111.0205, 0.9737, 0, null],
		[ new Date(2018,3,18,17,17,55), 0, 106.9692, 1.9809, 0, null],
		[ new Date(2018,3,18,17,17,54), 0, 124.14434, 4.86301, 0, null],
		[ new Date(2018,3,18,17,17,53), 0, 191.0465, 2.85632, 0, null],
		[ new Date(2018,3,18,17,17,52), 0, 106.9232, 2.9699, 0, null],
		[ new Date(2018,3,18,17,17,51), 0, 145.8233, 2.9378, 0, null],
		[ new Date(2018,3,18,17,17,50), 0, 31.68565, 2.99583, 0, null],
		[ new Date(2018,3,18,17,17,49), 0, 6.09238, 2.62922, 0, null],
		[ new Date(2018,3,18,17,17,48), 0, 160.81857, 3.032, 0, null],
		[ new Date(2018,3,18,17,17,47), 0, 1525.4654, 10.6097, 0, null],
		[ new Date(2018,3,18,17,17,46), 0, 4.798, 3.1987, 0, null],
		[ new Date(2018,3,18,17,17,45), 0, 32.91111, 0.91866, 0, null],
		[ new Date(2018,3,18,17,17,44), 0, 1217.0313, 2.02602, 0, null],
		[ new Date(2018,3,18,17,17,43), 0, 84.0297, 3.9096, 0, null],
		[ new Date(2018,3,18,17,17,42), 0, 121.32219, 2.99028, 0, null],
		[ new Date(2018,3,18,17,17,41), 0, 138.45226, 3.92054, 0, null],
		[ new Date(2018,3,18,17,17,40), 0, 156.9267, 1.9993, 0, null],
		[ new Date(2018,3,18,17,17,39), 0, 228.5936, 2.9323, 0, null],
		[ new Date(2018,3,18,17,17,38), 0, 18.20958, 1.70056, 0, null],
		[ new Date(2018,3,18,17,17,37), 0, 329.9115, 2.94578, 0, null],
		[ new Date(2018,3,18,17,17,36), 0, 290.4201, 1.9327, 0, null],
		[ new Date(2018,3,18,17,17,35), 0, 726.2525, 6.76024, 0, null],
		[ new Date(2018,3,18,17,17,34), 0, 1522.2394, 4.9724, 0, null],
		[ new Date(2018,3,18,17,17,33), 0, 35.0388, 1.9465, 0, null],
		[ new Date(2018,3,18,17,17,32), 0, 126.22413, 3.91176, 0, null],
		[ new Date(2018,3,18,17,17,31), 0, 205.5922, 3.955, 0, null],
		[ new Date(2018,3,18,17,17,30), 0, 129.2241, 2.01804, 0, null],
		[ new Date(2018,3,18,17,17,29), 0, 146.46934, 4.89736, 0, null],
		[ new Date(2018,3,18,17,17,28), 0, 157.0552, 3.9257, 0, null],
		[ new Date(2018,3,18,17,17,27), 0, 133.7098, 2.89625, 0, null],
		[ new Date(2018,3,18,17,17,26), 0, 95.0083, 2.938, 0, null],
		[ new Date(2018,3,18,17,17,25), 0, 110.9472, 1.999, 0, null],
		[ new Date(2018,3,18,17,17,24), 0, 285.116, 5.76288, 0, null],
		[ new Date(2018,3,18,17,17,23), 0, 1348.0648, 7.7896, 0, null],
		[ new Date(2018,3,18,17,17,22), 0, 222.2208, 8.747, 0, null],
		[ new Date(2018,3,18,17,17,21), 0, 2.55102, 0.51677, 0, null],
		[ new Date(2018,3,18,17,17,20), 0, 20.77001, 2.05923, 0, null],
		[ new Date(2018,3,18,17,17,19), 0, 1161.3045, 6.95062, 0, null],
		[ new Date(2018,3,18,17,17,18), 0, 74.87562, 3.70457, 0, null],
		[ new Date(2018,3,18,17,17,17), 0, 117.35646, 2.93868, 0, null],
		[ new Date(2018,3,18,17,17,16), 0, 137.47867, 1.9865, 0, null],
		[ new Date(2018,3,18,17,17,15), 0, 159.871, 1.9151, 0, null],
		[ new Date(2018,3,18,17,17,14), 0, 203.8567, 3.8841, 0, null],
		[ new Date(2018,3,18,17,17,13), 0, 32.67502, 3.04838, 0, null],
		[ new Date(2018,3,18,17,17,12), 0, 1289.4154, 6.7781, 0, null],
		[ new Date(2018,3,18,17,17,11), 0, 79.35278, 2.98903, 0, null],
		[ new Date(2018,3,18,17,17,10), 0, 1422.7991, 1.9979, 0, null],
		[ new Date(2018,3,18,17,17,9), 0, 26.29545, 2.80293, 0, null],
		[ new Date(2018,3,18,17,17,8), 0, 110.12443, 2.94791, 0, null],
		[ new Date(2018,3,18,17,17,7), 0, 113.26992, 4.79907, 0, null],
		[ new Date(2018,3,18,17,17,6), 0, 117.9708, 1.9996, 0, null],
		[ new Date(2018,3,18,17,17,5), 0, 213.8603, 1.96765, 0, null],
		[ new Date(2018,3,18,17,17,4), 0, 125.70773, 2.90267, 0, null],
		[ new Date(2018,3,18,17,17,3), 0, 162.9656, 3.9037, 0, null],
		[ new Date(2018,3,18,17,17,2), 0, 162.9259, 2.927, 0, null],
		[ new Date(2018,3,18,17,17,1), 0, 572.644, 8.87159, 0, null],
		[ new Date(2018,3,18,17,17,0), 0, 1309.0027, 7.6449, 0, null],
		[ new Date(2018,3,18,17,16,59), 0, 4.4397, 3.5523, 0, null],
		[ new Date(2018,3,18,17,16,58), 0, 1.9986, 1.9989, 0, null],
		[ new Date(2018,3,18,17,16,57), 0, 3.85341, 2.31579, 0, null],
		[ new Date(2018,3,18,17,16,56), 0, 34.62075, 2.74295, 0, null],
		[ new Date(2018,3,18,17,16,55), 0, 1360.3254, 2.9982, 0, null],
		[ new Date(2018,3,18,17,16,54), 0, 77.58479, 3.62052, 0, null],
		[ new Date(2018,3,18,17,16,53), 0, 123.22031, 0.12096, 0, null],
		[ new Date(2018,3,18,17,16,52), 0, 131.222, 5.801, 0, null],
		[ new Date(2018,3,18,17,16,51), 0, 156.7315, 2.03011, 0, null],
		[ new Date(2018,3,18,17,16,50), 0, 263.3412, 4.8979, 0, null],
		[ new Date(2018,3,18,17,16,49), 0, 35.06498, 2.88616, 0, null],
		[ new Date(2018,3,18,17,16,48), 0, 239.9711, 4.8425, 0, null],
		[ new Date(2018,3,18,17,16,47), 0, 9.9958, 1.9991, 0, null],
		[ new Date(2018,3,18,17,16,46), 0, 3.36494, 1.83242, 0, null],
		[ new Date(2018,3,18,17,16,45), 0, 18.1268, 2.8618, 0, null],
		[ new Date(2018,3,18,17,16,44), 0, 1116.0896, 5.8294, 0, null],
		[ new Date(2018,3,18,17,16,43), 0, 177.6802, 3.9126, 0, null],
		[ new Date(2018,3,18,17,16,42), 0, 1411.6453, 6.9489, 0, null],
		[ new Date(2018,3,18,17,16,41), 0, 70.0146, 2.81977, 0, null],
		[ new Date(2018,3,18,17,16,40), 0, 130.66333, 1.01235, 0, null],
		[ new Date(2018,3,18,17,16,39), 0, 175.0251, 2.9495, 0, null],
		[ new Date(2018,3,18,17,16,38), 0, 123.75551, 2.95869, 0, null],
		[ new Date(2018,3,18,17,16,37), 0, 155.8345, 2.923, 0, null],
		[ new Date(2018,3,18,17,16,36), 0, 209.3506, 5.8756, 0, null],
		[ new Date(2018,3,18,17,16,35), 0, 1.49287, 1.02293, 0, null],
		[ new Date(2018,3,18,17,16,34), 0, 45.5622, 2.92428, 0, null],
		[ new Date(2018,3,18,17,16,33), 0, 17.83585, 1.56078, 0, null],
		[ new Date(2018,3,18,17,16,32), 0, 960.1214, 5.79056, 0, null],
		[ new Date(2018,3,18,17,16,31), 0, 562.667, 6.7092, 0, null],
		[ new Date(2018,3,18,17,16,30), 0, 13.80993, 2.13134, 0, null],
		[ new Date(2018,3,18,17,16,29), 0, 945.1663, 1.05663, 0, null],
		[ new Date(2018,3,18,17,16,28), 0, 64.90936, 5.69304, 0, null],
		[ new Date(2018,3,18,17,16,27), 0, 105.91125, 6.69564, 0, null],
		[ new Date(2018,3,18,17,16,26), 0, 148.97324, 1.96443, 0, null],
		[ new Date(2018,3,18,17,16,25), 0, 126.7835, 2.9047, 0, null],
		[ new Date(2018,3,18,17,16,24), 0, 156.7459, 6.7374, 0, null],
		[ new Date(2018,3,18,17,16,23), 0, 3.32086, 1.0456, 0, null],
		[ new Date(2018,3,18,17,16,22), 0, 48.31019, 5.36394, 0, null],
		[ new Date(2018,3,18,17,16,21), 0, 1188.4028, 8.6344, 0, null],
		[ new Date(2018,3,18,17,16,20), 0, 1302.239, 2.04759, 0, null],
		[ new Date(2018,3,18,17,16,19), 0, 86.85575, 6.39955, 0, null],
		[ new Date(2018,3,18,17,16,18), 0, 172.9852, 2.9156, 0, null],
		[ new Date(2018,3,18,17,16,17), 0, 148.0216, 0.9801, 0, null],
		[ new Date(2018,3,18,17,16,16), 0, 132.39995, 2.89194, 0, null],
		[ new Date(2018,3,18,17,16,15), 0, 86.3159, 1.9878, 0, null],
		[ new Date(2018,3,18,17,16,14), 0, 25.9864, 1.9992, 0, null],
		[ new Date(2018,3,18,17,16,13), 0, 20.6203, 2.57702, 0, null],
		[ new Date(2018,3,18,17,16,12), 0, 1179.4347, 12.52551, 0, null],
		[ new Date(2018,3,18,17,16,11), 0, 262.5094, 3.7598, 0, null],
		[ new Date(2018,3,18,17,16,10), 0, 342.8798, 0.11102, 0, null],
		[ new Date(2018,3,18,17,16,9), 0, 574.7953, 7.1553, 0, null],
		[ new Date(2018,3,18,17,16,8), 0, 118.50894, 2.89322, 0, null],
		[ new Date(2018,3,18,17,16,7), 0, 143.83991, 2.05415, 0, null],
		[ new Date(2018,3,18,17,16,6), 0, 197.6109, 6.7208, 0, null],
		[ new Date(2018,3,18,17,16,5), 0, 3.91518, 2.1533, 0, null],
		[ new Date(2018,3,18,17,16,4), 0, 96.163, 2.8279, 0, null],
		[ new Date(2018,3,18,17,16,3), 0, 1109.8412, 7.6834, 0, null],
		[ new Date(2018,3,18,17,16,2), 0, 1507.5091, 1.9953, 0, null],
		[ new Date(2018,3,18,17,16,1), 0, 80.2943, 3.87424, 0, null],
		[ new Date(2018,3,18,17,16,0), 0, 166.927, 4.882, 0, null],
		[ new Date(2018,3,18,17,15,59), 0, 149.0173, 0.9738, 0, null],
		[ new Date(2018,3,18,17,15,58), 0, 179.2152, 0.99389, 0, null],
		[ new Date(2018,3,18,17,15,57), 0, 93.33367, 3.90469, 0, null],
		[ new Date(2018,3,18,17,15,56), 0, 112.063, 2.8985, 0, null],
		[ new Date(2018,3,18,17,15,55), 0, 34.1031, 1.8943, 0, null],
		[ new Date(2018,3,18,17,15,54), 0, 562.7923, 8.52737, 0, null],
		[ new Date(2018,3,18,17,15,53), 0, 1140.9644, 9.7779, 0, null],
		[ new Date(2018,3,18,17,15,52), 0, 20.57483, 2.0595, 0, null],
		[ new Date(2018,3,18,17,15,51), 0, 1139.7212, 6.97057, 0, null],
		[ new Date(2018,3,18,17,15,50), 0, 66.38983, 4.59789, 0, null],
		[ new Date(2018,3,18,17,15,49), 0, 140.30253, 3.86768, 0, null],
		[ new Date(2018,3,18,17,15,48), 0, 150.22595, 3.89788, 0, null],
		[ new Date(2018,3,18,17,15,47), 0, 223.455, 1.9541, 0, null],
		[ new Date(2018,3,18,17,15,46), 0, 9.87361, 2.1034, 0, null],
		[ new Date(2018,3,18,17,15,45), 0, 99.42356, 5.3963, 0, null],
		[ new Date(2018,3,18,17,15,44), 0, 1089.1163, 3.8799, 0, null],
		[ new Date(2018,3,18,17,15,43), 0, 1606.2988, 4.9808, 0, null],
		[ new Date(2018,3,18,17,15,42), 0, 9.2277, 3.97272, 0, null],
		[ new Date(2018,3,18,17,15,41), 0, 27.29808, 1.86768, 0, null],
		[ new Date(2018,3,18,17,15,40), 0, 112.61795, 1.95977, 0, null],
		[ new Date(2018,3,18,17,15,39), 0, 152.36677, 3.89756, 0, null],
		[ new Date(2018,3,18,17,15,38), 0, 165.9193, 0, 0, null],
		[ new Date(2018,3,18,17,15,37), 0, 107.71815, 2.92036, 0, null],
		[ new Date(2018,3,18,17,15,36), 0, 150.81729, 2.91136, 0, null],
		[ new Date(2018,3,18,17,15,35), 0, 61.9593, 1.9996, 0, null],
		[ new Date(2018,3,18,17,15,34), 0, 133.9752, 1.9705, 0, null],
		[ new Date(2018,3,18,17,15,33), 0, 140.3423, 7.5866, 0, null],
		[ new Date(2018,3,18,17,15,32), 0, 1668.9657, 7.7088, 0, null],
		[ new Date(2018,3,18,17,15,31), 0, 11.50991, 3.04177, 0, null],
		[ new Date(2018,3,18,17,15,30), 0, 297.5511, 6.24617, 0, null],
		[ new Date(2018,3,18,17,15,29), 0, 874.795, 3.7662, 0, null],
		[ new Date(2018,3,18,17,15,28), 0, 77.03027, 4.72515, 0, null],
		[ new Date(2018,3,18,17,15,27), 0, 130.94176, 2.02672, 0, null],
		[ new Date(2018,3,18,17,15,26), 0, 119.0939, 4.765, 0, null],
		[ new Date(2018,3,18,17,15,25), 0, 197.5214, 1.9377, 0, null],
		[ new Date(2018,3,18,17,15,24), 0, 26.39677, 5.02503, 0, null],
		[ new Date(2018,3,18,17,15,23), 0, 1097.7032, 6.85596, 0, null],
		[ new Date(2018,3,18,17,15,22), 0, 400.734, 3.8819, 0, null],
		[ new Date(2018,3,18,17,15,21), 0, 175.5109, 6.45036, 0, null],
		[ new Date(2018,3,18,17,15,20), 0, 1462.8119, 3.602, 0, null],
		[ new Date(2018,3,18,17,15,19), 0, 19.2675, 3.6738, 0, null],
		[ new Date(2018,3,18,17,15,18), 0, 47.14577, 0.98273, 0, null],
		[ new Date(2018,3,18,17,15,17), 0, 46.0009, 0.9999, 0, null],
		[ new Date(2018,3,18,17,15,16), 0, 94.20505, 1.92052, 0, null],
		[ new Date(2018,3,18,17,15,15), 0, 163.35755, 2.01536, 0, null],
		[ new Date(2018,3,18,17,15,14), 0, 178.9711, 2.8872, 0, null],
		[ new Date(2018,3,18,17,15,13), 0, 83.62758, 2.82344, 0, null],
		[ new Date(2018,3,18,17,15,12), 0, 107.0543, 3.9282, 0, null],
		[ new Date(2018,3,18,17,15,11), 0, 179.6698, 1.98377, 0, null],
		[ new Date(2018,3,18,17,15,10), 0, 35.1309, 4.7483, 0, null],
		[ new Date(2018,3,18,17,15,9), 0, 110.73017, 2.9731, 0, null],
		[ new Date(2018,3,18,17,15,8), 0, 159.945, 2.9086, 0, null],
		[ new Date(2018,3,18,17,15,7), 0, 1233.0855, 12.62727, 0, null],
		[ new Date(2018,3,18,17,15,6), 0, 856.0508, 4.8174, 0, null],
		[ new Date(2018,3,18,17,15,5), 0, 5.9996, 0.9999, 0, null],
		[ new Date(2018,3,18,17,15,4), 0, 191.3525, 3.95889, 0, null],
		[ new Date(2018,3,18,17,15,3), 0, 1211.3488, 4.9837, 0, null],
		[ new Date(2018,3,18,17,15,2), 0, 101.0471, 1.9429, 0, null],
		[ new Date(2018,3,18,17,15,1), 0, 44.7101, 2.76822, 0, null],
		[ new Date(2018,3,18,17,15,0), 0, 79.8338, 3.02633, 0, null],
		[ new Date(2018,3,18,17,14,59), 0, 139.39126, 4.86419, 0, null],
		[ new Date(2018,3,18,17,14,58), 0, 142.7813, 1.9967, 0, null],
		[ new Date(2018,3,18,17,14,57), 0, 102.0916, 3.7817, 0, null],
		[ new Date(2018,3,18,17,14,56), 0, 177.9671, 2.9175, 0, null],
		[ new Date(2018,3,18,17,14,55), 0, 225.7309, 2.9201, 0, null],
		[ new Date(2018,3,18,17,14,54), 0, 8.997, 2.00178, 0, null],
		[ new Date(2018,3,18,17,14,53), 0, 9.87625, 2.01094, 0, null],
		[ new Date(2018,3,18,17,14,52), 0, 169.0738, 2.95433, 0, null],
		[ new Date(2018,3,18,17,14,51), 0, 1167.2348, 8.6902, 0, null],
		[ new Date(2018,3,18,17,14,50), 0, 1682.112, 4.99225, 0, null],
		[ new Date(2018,3,18,17,14,49), 0, 104.72524, 4.85377, 0, null],
		[ new Date(2018,3,18,17,14,48), 0, 147.97218, 3.88479, 0, null],
		[ new Date(2018,3,18,17,14,47), 0, 135.65151, 0.99888, 0, null],
		[ new Date(2018,3,18,17,14,46), 0, 108.0285, 1.964, 0, null],
		[ new Date(2018,3,18,17,14,45), 0, 126.54678, 2.94298, 0, null],
		[ new Date(2018,3,18,17,14,44), 0, 226.8805, 1.9735, 0, null],
		[ new Date(2018,3,18,17,14,43), 0, 139.02694, 2.89878, 0, null],
		[ new Date(2018,3,18,17,14,42), 0, 132.82342, 2.98637, 0, null],
		[ new Date(2018,3,18,17,14,41), 0, 145.4923, 4.7316, 0, null],
		[ new Date(2018,3,18,17,14,40), 0, 130.805, 0.9838, 0, null],
		[ new Date(2018,3,18,17,14,39), 0, 3.78541, 5.77895, 0, null],
		[ new Date(2018,3,18,17,14,38), 0, 52.0176, 4.9091, 0, null],
		[ new Date(2018,3,18,17,14,37), 0, 19.01828, 0.12925, 0, null],
		[ new Date(2018,3,18,17,14,36), 0, 1440.2384, 11.60258, 0, null],
		[ new Date(2018,3,18,17,14,35), 0, 451.7201, 3.8144, 0, null],
		[ new Date(2018,3,18,17,14,34), 0, 310.9014, 3.9127, 0, null],
		[ new Date(2018,3,18,17,14,33), 0, 513.7746, 0.79325, 0, null],
		[ new Date(2018,3,18,17,14,32), 0, 505.742, 4.2832, 0, null],
		[ new Date(2018,3,18,17,14,31), 0, 104.9633, 0.9905, 0, null],
		[ new Date(2018,3,18,17,14,30), 0, 152.01149, 6.56116, 0, null],
		[ new Date(2018,3,18,17,14,29), 0, 257.3476, 1.951, 0, null],
		[ new Date(2018,3,18,17,14,28), 0, 3.19825, 1.87743, 0, null],
		[ new Date(2018,3,18,17,14,27), 0, 11.19629, 2.03585, 0, null],
		[ new Date(2018,3,18,17,14,26), 0, 192.945, 4.77887, 0, null],
		[ new Date(2018,3,18,17,14,25), 0, 1030.6696, 4.6715, 0, null],
		[ new Date(2018,3,18,17,14,24), 0, 57.91759, 6.66467, 0, null],
		[ new Date(2018,3,18,17,14,23), 0, 1678.37, 2.0226, 0, null],
		[ new Date(2018,3,18,17,14,22), 0, 78.36166, 3.73364, 0, null],
		[ new Date(2018,3,18,17,14,21), 0, 183.6381, 2.86559, 0, null],
		[ new Date(2018,3,18,17,14,20), 0, 118.38451, 1.03836, 0, null],
		[ new Date(2018,3,18,17,14,19), 0, 177.0802, 3.8496, 0, null],
		[ new Date(2018,3,18,17,14,18), 0, 158.85268, 2.85354, 0, null],
		[ new Date(2018,3,18,17,14,17), 0, 96.3275, 0.9943, 0, null],
		[ new Date(2018,3,18,17,14,16), 0, 96.7489, 2.9326, 0, null],
		[ new Date(2018,3,18,17,14,15), 0, 62.0034, 5.9077, 0, null],
		[ new Date(2018,3,18,17,14,14), 0, 11.02637, 1.89938, 0, null],
		[ new Date(2018,3,18,17,14,13), 0, 887.9749, 10.52753, 0, null],
		[ new Date(2018,3,18,17,14,12), 0, 773.004, 5.7356, 0, null],
		[ new Date(2018,3,18,17,14,11), 0, 8.98184, 1.31995, 0, null],
		[ new Date(2018,3,18,17,14,10), 0, 579.7001, 0.09589, 0, null],
		[ new Date(2018,3,18,17,14,9), 0, 689.7595, 5.5029, 0, null],
		[ new Date(2018,3,18,17,14,8), 0, 118.57161, 2.02582, 0, null],
		[ new Date(2018,3,18,17,14,7), 0, 158.0047, 3.926, 0, null],
		[ new Date(2018,3,18,17,14,6), 0, 267.9991, 4.8114, 0, null],
		[ new Date(2018,3,18,17,14,5), 0, 2.18498, 1.02006, 0, null],
		[ new Date(2018,3,18,17,14,4), 0, 33.67294, 2.94766, 0, null],
		[ new Date(2018,3,18,17,14,3), 0, 1129.0253, 8.7308, 0, null],
		[ new Date(2018,3,18,17,14,2), 0, 907.0813, 7.84945, 0, null],
		[ new Date(2018,3,18,17,14,1), 0, 521.2316, 3.5705, 0, null],
		[ new Date(2018,3,18,17,14,0), 0, 138.15037, 1.0269, 0, null],
		[ new Date(2018,3,18,17,13,59), 0, 215.9895, 4.9305, 0, null],
		[ new Date(2018,3,18,17,13,58), 0, 191.9137, 2.8584, 0, null],
		[ new Date(2018,3,18,17,13,57), 0, 164.7607, 0, 0, null],
		[ new Date(2018,3,18,17,13,56), 0, 155.8773, 4.9965, 0, null],
		[ new Date(2018,3,18,17,13,55), 0, 15.02173, 4.29824, 0, null],
		[ new Date(2018,3,18,17,13,54), 0, 37.934, 1.9982, 0, null],
		[ new Date(2018,3,18,17,13,53), 0, 1481.1455, 10.5877, 0, null],
		[ new Date(2018,3,18,17,13,52), 0, 10.29091, 1.83422, 0, null],
		[ new Date(2018,3,18,17,13,51), 0, 114.56818, 1.97116, 0, null],
		[ new Date(2018,3,18,17,13,50), 0, 1085.8828, 6.9115, 0, null],
		[ new Date(2018,3,18,17,13,49), 0, 143.553, 3.97965, 0, null],
		[ new Date(2018,3,18,17,13,48), 0, 162.7366, 2.8648, 0, null],
		[ new Date(2018,3,18,17,13,47), 0, 179.8498, 6.8445, 0, null],
		[ new Date(2018,3,18,17,13,46), 0, 30.33925, 1.01221, 0, null],
		[ new Date(2018,3,18,17,13,45), 0, 1107.3769, 2.07557, 0, null],
		[ new Date(2018,3,18,17,13,44), 0, 1024.3699, 9.01348, 0, null],
		[ new Date(2018,3,18,17,13,43), 0, 560.0659, 6.678, 0, null],
		[ new Date(2018,3,18,17,13,42), 0, 38.548, 0.03815, 0, null],
		[ new Date(2018,3,18,17,13,41), 0, 77.9473, 2.9991, 0, null],
		[ new Date(2018,3,18,17,13,40), 0, 123.62833, 2.90516, 0, null],
		[ new Date(2018,3,18,17,13,39), 0, 162.64423, 1.00159, 0, null],
		[ new Date(2018,3,18,17,13,38), 0, 204.0326, 2.03916, 0, null],
		[ new Date(2018,3,18,17,13,37), 0, 124.9883, 4.8451, 0, null],
		[ new Date(2018,3,18,17,13,36), 0, 151.8822, 0.9676, 0, null],
		[ new Date(2018,3,18,17,13,35), 0, 49.65519, 8.44236, 0, null],
		[ new Date(2018,3,18,17,13,34), 0, 1102.0708, 8.74538, 0, null],
		[ new Date(2018,3,18,17,13,33), 0, 520.1544, 2.9052, 0, null],
		[ new Date(2018,3,18,17,13,32), 0, 152.91964, 6.60011, 0, null],
		[ new Date(2018,3,18,17,13,31), 0, 1263.3577, 1.9647, 0, null],
		[ new Date(2018,3,18,17,13,30), 0, 72.68582, 2.86418, 0, null],
		[ new Date(2018,3,18,17,13,29), 0, 110.4413, 3.98503, 0, null],
		[ new Date(2018,3,18,17,13,28), 0, 140.79397, 2.83908, 0, null],
		[ new Date(2018,3,18,17,13,27), 0, 179.4991, 0, 0, null],
		[ new Date(2018,3,18,17,13,26), 0, 43.83128, 3.97996, 0, null],
		[ new Date(2018,3,18,17,13,25), 0, 1143.4873, 11.5009, 0, null],
		[ new Date(2018,3,18,17,13,24), 0, 1224.9184, 5.96492, 0, null],
		[ new Date(2018,3,18,17,13,23), 0, 23.33607, 4.63583, 0, null],
		[ new Date(2018,3,18,17,13,22), 0, 97.98963, 2.87387, 0, null],
		[ new Date(2018,3,18,17,13,21), 0, 90.10764, 0.0542, 0, null],
		[ new Date(2018,3,18,17,13,20), 0, 163.99374, 3.87095, 0, null],
		[ new Date(2018,3,18,17,13,19), 0, 150.8509, 2.9203, 0, null],
		[ new Date(2018,3,18,17,13,18), 0, 145.8479, 0, 0, null],
		[ new Date(2018,3,18,17,13,17), 0, 69.85031, 7.78464, 0, null],
		[ new Date(2018,3,18,17,13,16), 0, 1377.7299, 10.4964, 0, null],
		[ new Date(2018,3,18,17,13,15), 0, 18.29679, 1.03779, 0, null],
		[ new Date(2018,3,18,17,13,14), 0, 891.7824, 4.00321, 0, null],
		[ new Date(2018,3,18,17,13,13), 0, 111.73177, 4.71891, 0, null],
		[ new Date(2018,3,18,17,13,12), 0, 142.38079, 2.01603, 0, null],
		[ new Date(2018,3,18,17,13,11), 0, 222.4778, 4.9047, 0, null],
		[ new Date(2018,3,18,17,13,10), 0, 191.6899, 0, 0, null],
		[ new Date(2018,3,18,17,13,9), 0, 4.22546, 3.00052, 0, null],
		[ new Date(2018,3,18,17,13,8), 0, 36.05808, 2.83166, 0, null],
		[ new Date(2018,3,18,17,13,7), 0, 965.1762, 5.7701, 0, null],
		[ new Date(2018,3,18,17,13,6), 0, 905.4919, 5.989, 0, null],
		[ new Date(2018,3,18,17,13,5), 0, 484.2269, 3.94, 0, null],
		[ new Date(2018,3,18,17,13,4), 0, 113.9443, 0.9999, 0, null],
		[ new Date(2018,3,18,17,13,3), 0, 148.2837, 1.97456, 0, null],
		[ new Date(2018,3,18,17,13,2), 0, 161.41958, 3.89341, 0, null],
		[ new Date(2018,3,18,17,13,1), 0, 176.4225, 2.8958, 0, null],
		[ new Date(2018,3,18,17,13,0), 0, 1.49088, 1.84381, 0, null],
		[ new Date(2018,3,18,17,12,59), 0, 28.3119, 5.6634, 0, null],
		[ new Date(2018,3,18,17,12,58), 0, 18.68679, 2.03355, 0, null],
		[ new Date(2018,3,18,17,12,57), 0, 748.5851, 4.82187, 0, null],
		[ new Date(2018,3,18,17,12,56), 0, 347.7152, 4.72075, 0, null],
		[ new Date(2018,3,18,17,12,55), 0, 255.3453, 5.6525, 0, null],
		[ new Date(2018,3,18,17,12,54), 0, 773.7698, 3.01931, 0, null],
		[ new Date(2018,3,18,17,12,53), 0, 154.59566, 4.80317, 0, null],
		[ new Date(2018,3,18,17,12,52), 0, 232.0612, 2.9524, 0, null],
		[ new Date(2018,3,18,17,12,51), 0, 1.23392, 4.99519, 0, null],
		[ new Date(2018,3,18,17,12,50), 0, 34.54139, 4.07619, 0, null],
		[ new Date(2018,3,18,17,12,49), 0, 992.3606, 4.7993, 0, null],
		[ new Date(2018,3,18,17,12,48), 0, 804.4221, 5.95072, 0, null],
		[ new Date(2018,3,18,17,12,47), 0, 107.77035, 4.82107, 0, null],
		[ new Date(2018,3,18,17,12,46), 0, 150.61539, 0.98816, 0, null],
		[ new Date(2018,3,18,17,12,45), 0, 180.4326, 1.9215, 0, null],
		[ new Date(2018,3,18,17,12,44), 0, 4.24152, 4.00137, 0, null],
		[ new Date(2018,3,18,17,12,43), 0, 24.1171, 3.8593, 0, null],
		[ new Date(2018,3,18,17,12,42), 0, 302.7649, 5.72652, 0, null],
		[ new Date(2018,3,18,17,12,41), 0, 889.8234, 7.6573, 0, null],
		[ new Date(2018,3,18,17,12,40), 0, 468.0072, 1.03386, 0, null],
		[ new Date(2018,3,18,17,12,39), 0, 243.5994, 2.9034, 0, null],
		[ new Date(2018,3,18,17,12,38), 0, 219.2369, 3.9903, 0, null],
		[ new Date(2018,3,18,17,12,37), 0, 9.36516, 2.34004, 0, null],
		[ new Date(2018,3,18,17,12,36), 0, 323.1103, 6.81347, 0, null],
		[ new Date(2018,3,18,17,12,35), 0, 1046.4418, 5.79483, 0, null],
		[ new Date(2018,3,18,17,12,34), 0, 939.8139, 2.9087, 0, null],
		[ new Date(2018,3,18,17,12,33), 0, 152.59282, 0.9748, 0, null],
		[ new Date(2018,3,18,17,12,32), 0, 188.2508, 1.01375, 0, null],
		[ new Date(2018,3,18,17,12,31), 0, 123.9863, 4.8074, 0, null],
		[ new Date(2018,3,18,17,12,30), 0, 27.38597, 3.92555, 0, null],
		[ new Date(2018,3,18,17,12,29), 0, 208.5501, 8.40434, 0, null],
		[ new Date(2018,3,18,17,12,28), 0, 1027.8408, 10.3281, 0, null],
		[ new Date(2018,3,18,17,12,27), 0, 13.43999, 1.0536, 0, null],
		[ new Date(2018,3,18,17,12,26), 0, 886.4519, 5.93469, 0, null],
		[ new Date(2018,3,18,17,12,25), 0, 94.94543, 1.96516, 0, null],
		[ new Date(2018,3,18,17,12,24), 0, 214.5204, 7.7724, 0, null],
		[ new Date(2018,3,18,17,12,23), 0, 27.8774, 3.1747, 0, null],
		[ new Date(2018,3,18,17,12,22), 0, 1082.2545, 6.6864, 0, null],
		[ new Date(2018,3,18,17,12,21), 0, 1244.7487, 6.93703, 0, null],
		[ new Date(2018,3,18,17,12,20), 0, 37.90182, 4.54636, 0, null],
		[ new Date(2018,3,18,17,12,19), 0, 130.7826, 1.9523, 0, null],
		[ new Date(2018,3,18,17,12,18), 0, 137.3329, 1.9353, 0, null],
		[ new Date(2018,3,18,17,12,17), 0, 35.39715, 3.05825, 0, null],
		[ new Date(2018,3,18,17,12,16), 0, 706.313, 7.60099, 0, null],
		[ new Date(2018,3,18,17,12,15), 0, 368.741, 4.6909, 0, null],
		[ new Date(2018,3,18,17,12,14), 0, 547.8653, 7.8687, 0, null],
		[ new Date(2018,3,18,17,12,13), 0, 164.636, 1.9726, 0, null],
		[ new Date(2018,3,18,17,12,12), 0, 159.5828, 4.88786, 0, null],
		[ new Date(2018,3,18,17,12,11), 0, 1185.9207, 10.5143, 0, null],
		[ new Date(2018,3,18,17,12,10), 0, 898.6092, 2.9894, 0, null],
		[ new Date(2018,3,18,17,12,9), 0, 112.9076, 4.74192, 0, null],
		[ new Date(2018,3,18,17,12,8), 0, 143.8423, 2.9362, 0, null],
		[ new Date(2018,3,18,17,12,7), 0, 350.4333, 2.97446, 0, null],
		[ new Date(2018,3,18,17,12,6), 0, 731.4806, 12.9771, 0, null],
		[ new Date(2018,3,18,17,12,5), 0, 461.1728, 2.96984, 0, null],
		[ new Date(2018,3,18,17,12,4), 0, 193.8293, 0.955, 0, null],
		[ new Date(2018,3,18,17,12,3), 0, 338.4373, 2.9616, 0, null],
		[ new Date(2018,3,18,17,12,2), 0, 1.10024, 2.01163, 0, null],
		[ new Date(2018,3,18,17,12,1), 0, 16.52138, 2.86557, 0, null],
		[ new Date(2018,3,18,17,12,0), 0, 528.8675, 1.10065, 0, null],
		[ new Date(2018,3,18,17,11,59), 0, 905.9369, 8.5065, 0, null],
		[ new Date(2018,3,18,17,11,58), 0, 562.5543, 1.9768, 0, null],
		[ new Date(2018,3,18,17,11,57), 0, 280.5353, 5.9099, 0, null],
		[ new Date(2018,3,18,17,11,56), 0, 4.027, 1.03269, 0, null],
		[ new Date(2018,3,18,17,11,55), 0, 6.35746, 3.85893, 0, null],
		[ new Date(2018,3,18,17,11,54), 0, 20.932, 3.9886, 0, null],
		[ new Date(2018,3,18,17,11,53), 0, 76.22273, 2.99444, 0, null],
		[ new Date(2018,3,18,17,11,52), 0, 1021.1881, 12.1216, 0, null],
		[ new Date(2018,3,18,17,11,51), 0, 372.628, 6.93274, 0, null],
		[ new Date(2018,3,18,17,11,50), 0, 373.6374, 5.9256, 0, null],
		[ new Date(2018,3,18,17,11,49), 0, 65.77092, 2.03179, 0, null],
		[ new Date(2018,3,18,17,11,48), 0, 63.44785, 4.59688, 0, null],
		[ new Date(2018,3,18,17,11,47), 0, 1373.1803, 6.7, 0, null],
		[ new Date(2018,3,18,17,11,46), 0, 710.5859, 5.9394, 0, null],
		[ new Date(2018,3,18,17,11,45), 0, 161.01936, 3.78626, 0, null],
		[ new Date(2018,3,18,17,11,44), 0, 56.0138, 2.9487, 0, null],
		[ new Date(2018,3,18,17,11,43), 0, 9.15073, 2.03185, 0, null],
		[ new Date(2018,3,18,17,11,42), 0, 20.5351, 4.4639, 0, null],
		[ new Date(2018,3,18,17,11,41), 0, 383.7574, 6.62221, 0, null],
		[ new Date(2018,3,18,17,11,40), 0, 809.6906, 6.5711, 0, null],
		[ new Date(2018,3,18,17,11,39), 0, 487.4146, 3.9791, 0, null],
		[ new Date(2018,3,18,17,11,38), 0, 138.26891, 4.68893, 0, null],
		[ new Date(2018,3,18,17,11,37), 0, 448.7372, 0.9999, 0, null],
		[ new Date(2018,3,18,17,11,36), 0, 10.0868, 2.38928, 0, null],
		[ new Date(2018,3,18,17,11,35), 0, 440.9301, 6.74091, 0, null],
		[ new Date(2018,3,18,17,11,34), 0, 1065.9597, 5.7953, 0, null],
		[ new Date(2018,3,18,17,11,33), 0, 573.1766, 4.9039, 0, null],
		[ new Date(2018,3,18,17,11,32), 0, 110.0808, 5.7452, 0, null],
		[ new Date(2018,3,18,17,11,31), 0, 4.9997, 1.9996, 0, null],
		[ new Date(2018,3,18,17,11,30), 0, 31.34771, 3.92811, 0, null],
		[ new Date(2018,3,18,17,11,29), 0, 830.4479, 10.30798, 0, null],
		[ new Date(2018,3,18,17,11,28), 0, 329.8847, 5.79433, 0, null],
		[ new Date(2018,3,18,17,11,27), 0, 384.5474, 3.9496, 0, null],
		[ new Date(2018,3,18,17,11,26), 0, 116.9526, 1.9031, 0, null],
		[ new Date(2018,3,18,17,11,25), 0, 201.7794, 4.01976, 0, null],
		[ new Date(2018,3,18,17,11,24), 0, 1461.0372, 12.0632, 0, null],
		[ new Date(2018,3,18,17,11,23), 0, 836.4037, 3.01869, 0, null],
		[ new Date(2018,3,18,17,11,22), 0, 152.1177, 4.8538, 0, null],
		[ new Date(2018,3,18,17,11,21), 0, 113.9429, 2.8267, 0, null],
		[ new Date(2018,3,18,17,11,20), 0, 27.6329, 5.3484, 0, null],
		[ new Date(2018,3,18,17,11,19), 0, 76.99424, 1.15419, 0, null],
		[ new Date(2018,3,18,17,11,18), 0, 1321.5689, 13.10945, 0, null],
		[ new Date(2018,3,18,17,11,17), 0, 565.1683, 3.03652, 0, null],
		[ new Date(2018,3,18,17,11,16), 0, 212.7184, 6.6811, 0, null],
		[ new Date(2018,3,18,17,11,15), 0, 468.4901, 3.9381, 0, null],
		[ new Date(2018,3,18,17,11,14), 0, 200.1924, 1.13095, 0, null],
		[ new Date(2018,3,18,17,11,13), 0, 1492.599, 12.3202, 0, null],
		[ new Date(2018,3,18,17,11,12), 0, 1334.6049, 1.98453, 0, null],
		[ new Date(2018,3,18,17,11,11), 0, 135.16691, 1.00327, 0, null],
		[ new Date(2018,3,18,17,11,10), 0, 319.514, 2.971, 0, null],
		[ new Date(2018,3,18,17,11,9), 0, 55.14276, 2.91501, 0, null],
		[ new Date(2018,3,18,17,11,8), 0, 679.3026, 9.53875, 0, null],
		[ new Date(2018,3,18,17,11,7), 0, 778.4299, 9.5873, 0, null],
		[ new Date(2018,3,18,17,11,6), 0, 6.85158, 1.9804, 0, null],
		[ new Date(2018,3,18,17,11,5), 0, 98.51613, 0.07434, 0, null],
		[ new Date(2018,3,18,17,11,4), 0, 1167.7978, 5.9296, 0, null],
		[ new Date(2018,3,18,17,11,3), 0, 1088.7192, 2.9413, 0, null],
		[ new Date(2018,3,18,17,11,2), 0, 2.01056, 1.02102, 0, null],
		[ new Date(2018,3,18,17,11,1), 0, 2.9995, 2.9993, 0, null],
		[ new Date(2018,3,18,17,11,0), 0, 4.9982, 1.9992, 0, null],