		[ new Date(2018,3,18,17,27,14), 0.03125, 17689.37, 21.02344, 0, null],
		[ new Date(2018,3,18,17,27,13), 0.03125, 17688.67, 21.02344, 0, null],
		[ new Date(2018,3,18,17,27,12), 0.03125, 17728.51, 21.02344, 0, null],
		[ new Date(2018,3,18,17,27,11), 0.03125, 17728.51, 21.02344, 0, null],
		[ new Date(2018,3,18,17,27,10), 0.03125, 17728.51, 21.02344, 0, null],
		[ new Date(2018,3,18,17,27,9), 0.03125, 17728.51, 21.02344, 0, null],
		[ new Date(2018,3,18,17,27,8), 0.03125, 17763.96, 21.02344, 0, null],
		[ new Date(2018,3,18,17,27,7), 0.03125, 17763.5, 21.02344, 0, null],
		[ new Date(2018,3,18,17,27,6), 0.03125, 17763.32, 21.02344, 0, null],
		[ new Date(2018,3,18,17,27,5), 0.03125, 17762.1, 21.02344, 0, null],
		[ new Date(2018,3,18,17,27,4), 0.03125, 17762.11, 21.02344, 0, null],
		[ new Date(2018,3,18,17,27,3), 0.03125, 17754.11, 21.02344, 0, null],
		[ new Date(2018,3,18,17,27,2), 0.03125, 17665.66, 21.02344, 0, null],
		[ new Date(2018,3,18,17,27,1), 0.03125, 17665.56, 21.02344, 0, null],
		[ new Date(2018,3,18,17,27,0), 0.03125, 17665.55, 21.02344, 0, null],
		[ new Date(2018,3,18,17,26,59), 0.03125, 17665.55, 21.02344, 0, null],
		[ new Date(2018,3,18,17,26,58), 0.03125, 17665.62, 21.02344, 0, null],
		[ new Date(2018,3,18,17,26,57), 0.03125, 17665.62, 21.02344, 0, null],
		[ new Date(2018,3,18,17,26,56), 0.03125, 17665.62, 21.02344, 0, null],
		[ new Date(2018,3,18,17,26,55), 0.03125, 17665.61, 21.02344, 0, null],
		[ new Date(2018,3,18,17,26,54), 0.03125, 17665.51, 21.02344, 0, null],
		[ new Date(2018,3,18,17,26,53), 0.03125, 17665.51, 21.02344, 0, null],
		[ new Date(2018,3,18,17,26,52), 0.03125, 17665.51, 21.02344, 0, null],
		[ new Date(2018,3,18,17,26,51), 0.03125, 17665.46, 21.02344, 0, null],
		[ new Date(2018,3,18,17,26,50), 0.03125, 17665.47, 21.02344, 0, null],
		[ new Date(2018,3,18,17,26,49), 0.03125, 17665.46, 21.02344, 0, null],
		[ new Date(2018,3,18,17,26,48), 0.03125, 17780.11, 21.02344, 0, null],
		[ new Date(2018,3,18,17,26,47), 0.03125, 17780.09, 21.02344, 0, null],
		[ new Date(2018,3,18,17,26,46), 0.03125, 17779.98, 21.02344, 0, null],
		[ new Date(2018,3,18,17,26,45), 0.03125, 17779.52, 21.02344, 0, null],
		[ new Date(2018,3,18,17,26,44), 0.03125, 17779.5, 21.02344, 0, null],
		[ new Date(2018,3,18,17,26,43), 0.03125, 17779.5, 21.02344, 0, null],
		[ new Date(2018,3,18,17,26,42), 0.03125, 17779.15, 21.02344, 0, null],
		[ new Date(2018,3,18,17,26,41), 0.03125, 17779.11, 21.02344, 0, null],
		[ new Date(2018,3,18,17,26,40), 0.03125, 17779.11, 21.02344, 0, null],
		[ new Date(2018,3,18,17,26,39), 0.03125, 17732.2, 21.02344, 0, null],
		[ new Date(2018,3,18,17,26,38), 0.03125, 17731.77, 21.02344, 0, null],
		[ new Date(2018,3,18,17,26,37), 0.03125, 17731.75, 21.02344, 0, null],
		[ new Date(2018,3,18,17,26,36), 0.03125, 17731.75, 21.02344, 0, null],
		[ new Date(2018,3,18,17,26,35), 0.03125, 17731.34, 21.02344, 0, null],
		[ new Date(2018,3,18,17,26,34), 0.03125, 17731.34, 21.02344, 0, null],
		[ new Date(2018,3,18,17,26,33), 0.03125, 17731.34, 21.02344, 0, null],
		[ new Date(2018,3,18,17,26,32), 0.03125, 17731.32, 21.02344, 0, null],
		[ new Date(2018,3,18,17,26,31), 0.03125, 17731.23, 21.02344, 0, null],
		[ new Date(2018,3,18,17,26,30), 0.03125, 17731.23, 21.02344, 0, null],
		[ new Date(2018,3,18,17,26,29), 0.03125, 17730.48, 21.02344, 0, null],
		[ new Date(2018,3,18,17,26,28), 0.03125, 17730.47, 21.02344, 0, null],
		[ new Date(2018,3,18,17,26,27), 0.03125, 17730.48, 21.02344, 0, null],
		[ new Date(2018,3,18,17,26,26), 0.03125, 17730.42, 21.02344, 0, null],
		[ new Date(2018,3,18,17,26,25), 0.03125, 17730.55, 21.02344, 0, null],
		[ new Date(2018,3,18,17,26,24), 0.03125, 17738.47, 21.02344, 0, null],
		[ new Date(2018,3,18,17,26,23), 0.03125, 17738.47, 21.02344, 0, null],
		[ new Date(2018,3,18,17,26,22), 0.03125, 17738.47, 21.02344, 0, null],
		[ new Date(2018,3,18,17,26,21), 0.03125, 17737.64, 21.02344, 0, null],
		[ new Date(2018,3,18,17,26,20), 0.03125, 17737.64, 21.02344, 0, null],
		[ new Date(2018,3,18,17,26,19), 0.03125, 17737.63, 21.02344, 0, null],
		[ new Date(2018,3,18,17,26,18), 0.03125, 17737.62, 21.02344, 0, null],
		[ new Date(2018,3,18,17,26,17), 0.03125, 17737.47, 21.02344, 0, null],
		[ new Date(2018,3,18,17,26,16), 0.03125, 17737.46, 21.02344, 0, null],
		[ new Date(2018,3,18,17,26,15), 0.03125, 17737.47, 21.02344, 0, null],
		[ new Date(2018,3,18,17,26,14), 0.03125, 17736.91, 21.02344, 0, null],
		[ new Date(2018,3,18,17,26,13), 0.03125, 17736.9, 21.02344, 0, null],
		[ new Date(2018,3,18,17,26,12), 0.03125, 17736.91, 21.02344, 0, null],
		[ new Date(2018,3,18,17,26,11), 0.03125, 17736.91, 21.02344, 0, null],
		[ new Date(2018,3,18,17,26,10), 0.03125, 17736.89, 21.02344, 0, null],
		[ new Date(2018,3,18,17,26,9), 0.03125, 17736.75, 21.02344, 0, null],
		[ new Date(2018,3,18,17,26,8), 0.03125, 17541.29, 21.02344, 0, null],
		[ new Date(2018,3,18,17,26,7), 0.03125, 17540.74, 21.02344, 0, null],
		[ new Date(2018,3,18,17,26,6), 0.03125, 17540.61, 21.02344, 0, null],
		[ new Date(2018,3,18,17,26,5), 0.03125, 17536.85, 21.02344, 0, null],
		[ new Date(2018,3,18,17,26,4), 0.03125, 17536.87, 21.02344, 0, null],
		[ new Date(2018,3,18,17,26,3), 0.03125, 17536.87, 21.02344, 0, null],
		[ new Date(2018,3,18,17,26,2), 0.03125, 17340.47, 21.02344, 0, null],
		[ new Date(2018,3,18,17,26,1), 0.03125, 17340.43, 21.02344, 0, null],
		[ new Date(2018,3,18,17,26,0), 0.03125, 17338.26, 21.02344, 0, null],
		[ new Date(2018,3,18,17,25,59), 0.03125, 17338.26, 21.02344, 0, null],
		[ new Date(2018,3,18,17,25,58), 0.03125, 17298.04, 21.02344, 0, null],
		[ new Date(2018,3,18,17,25,57), 0.03125, 17297.95, 21.02344, 0, null],
		[ new Date(2018,3,18,17,25,56), 0.03125, 17297.93, 21.02344, 0, null],
		[ new Date(2018,3,18,17,25,55), 0.03125, 17297.91, 21.02344, 0, null],
		[ new Date(2018,3,18,17,25,54), 0.03125, 17297.79, 21.02344, 0, null],
		[ new Date(2018,3,18,17,25,53), 0.03125, 17297.79, 21.02344, 0, null],
		[ new Date(2018,3,18,17,25,52), 0.03125, 17297.84, 21.02344, 0, null],
		[ new Date(2018,3,18,17,25,51), 0.03125, 17297.77, 21.02344, 0, null],
		[ new Date(2018,3,18,17,25,50), 0.03125, 17297.72, 21.02344, 0, null],
		[ new Date(2018,3,18,17,25,49), 0.03125, 17297.3, 21.02344, 0, null],
		[ new Date(2018,3,18,17,25,48), 0.03125, 17297.3, 21.02344, 0, null],
		[ new Date(2018,3,18,17,25,47), 0.03125, 17297.3, 21.02344, 0, null],
		[ new Date(2018,3,18,17,25,46), 0.03125, 17297.19, 21.02344, 0, null],
		[ new Date(2018,3,18,17,25,45), 0.03125, 17297.19, 21.02344, 0, null],
		[ new Date(2018,3,18,17,25,44), 0.03125, 17297.17, 21.02344, 0, null],
		[ new Date(2018,3,18,17,25,43), 0.03125, 17240.76, 21.02344, 0, null],
		[ new Date(2018,3,18,17,25,42), 0.03125, 17239.86, 21.02344, 0, null],
		[ new Date(2018,3,18,17,25,41), 0.03125, 17239.85, 21.02344, 0, null],
		[ new Date(2018,3,18,17,25,40), 0.03125, 17239.89, 21.02344, 0, null],
		[ new Date(2018,3,18,17,25,39), 0.03125, 17239.89, 21.02344, 0, null],
		[ new Date(2018,3,18,17,25,38), 0.03125, 17239.82, 21.02344, 0, null],
		[ new Date(2018,3,18,17,25,37), 0.03125, 17239.82, 21.02344, 0, null],
		[ new Date(2018,3,18,17,25,36), 0.03125, 17239.81, 21.02344, 0, null],
		[ new Date(2018,3,18,17,25,35), 0.03125, 17239.15, 21.02344, 0, null],
		[ new Date(2018,3,18,17,25,34), 0.03125, 17239.15, 21.02344, 0, null],
		[ new Date(2018,3,18,17,25,33), 0.03125, 17239.15, 21.02344, 0, null],
		[ new Date(2018,3,18,17,25,32), 0.03125, 17239.15, 21.02344, 0, null],
		[ new Date(2018,3,18,17,25,31), 0.03125, 17239.08, 21.02344, 0, null],
		[ new Date(2018,3,18,17,25,30), 0.03125, 17239.08, 21.02344, 0, null],
		[ new Date(2018,3,18,17,25,29), 0.03125, 17239.13, 21.02344, 0, null],
		[ new Date(2018,3,18,17,25,28), 0.03125, 17237.68, 21.02344, 0, null],
		[ new Date(2018,3,18,17,25,27), 0.03125, 17237.67, 21.02344, 0, null],
		[ new Date(2018,3,18,17,25,26), 0.03125, 17237.51, 21.02344, 0, null],
		[ new Date(2018,3,18,17,25,25), 0.03125, 17237.49, 21.02344, 0, null],
		[ new Date(2018,3,18,17,25,24), 0.03125, 17237.41, 21.02344, 0, null],
		[ new Date(2018,3,18,17,25,23), 0.03125, 17235.8, 21.02344, 0, null],
		[ new Date(2018,3,18,17,25,22), 0.03125, 17235.79, 21.02344, 0, null],
		[ new Date(2018,3,18,17,25,21), 0.03125, 17236.14, 21.02344, 0, null],
		[ new Date(2018,3,18,17,25,20), 0.03125, 17235.46, 21.02344, 0, null],
		[ new Date(2018,3,18,17,25,19), 0.03125, 17235.46, 21.02344, 0, null],
		[ new Date(2018,3,18,17,25,18), 0.03125, 17235.46, 21.02344, 0, null],
		[ new Date(2018,3,18,17,25,17), 0.03125, 17235.32, 21.02344, 0, null],
		[ new Date(2018,3,18,17,25,16), 0.03125, 17235.32, 21.02344, 0, null],
		[ new Date(2018,3,18,17,25,15), 0.03125, 17235.18, 21.02344, 0, null],
		[ new Date(2018,3,18,17,25,14), 0.03125, 17235.14, 21.02344, 0, null],
		[ new Date(2018,3,18,17,25,13), 0.03125, 17235.14, 21.02344, 0, null],
		[ new Date(2018,3,18,17,25,12), 0.03125, 17235.14, 21.02344, 0, null],
		[ new Date(2018,3,18,17,25,11), 0.03125, 17235.14, 21.02344, 0, null],
		[ new Date(2018,3,18,17,25,10), 0.03125, 17235.14, 21.02344, 0, null],
		[ new Date(2018,3,18,17,25,9), 0.03125, 17235.12, 21.02344, 0, null],
		[ new Date(2018,3,18,17,25,8), 0.03125, 17235.11, 21.02344, 0, null],
		[ new Date(2018,3,18,17,25,7), 0.03125, 17235.12, 21.02344, 0, null],
		[ new Date(2018,3,18,17,25,6), 0.03125, 17234.12, 21.02344, 0, null],
		[ new Date(2018,3,18,17,25,5), 0.03125, 17234.12, 21.02344, 0, null],
		[ new Date(2018,3,18,17,25,4), 0.03125, 17234.12, 21.02344, 0, null],
		[ new Date(2018,3,18,17,25,3), 0.03125, 17234.04, 21.02344, 0, null],
		[ new Date(2018,3,18,17,25,2), 0.03125, 17234.03, 21.02344, 0, null],
		[ new Date(2018,3,18,17,25,1), 0.03125, 17234.03, 21.02344, 0, null],
		[ new Date(2018,3,18,17,25,0), 0.03125, 17234.03, 21.02344, 0, null],
		[ new Date(2018,3,18,17,24,59), 0.03125, 17234.03, 21.02344, 0, null],
		[ new Date(2018,3,18,17,24,58), 0.03125, 17231.23, 21.02344, 0, null],
		[ new Date(2018,3,18,17,24,57), 0.03125, 17231.23, 21.02344, 0, null],
		[ new Date(2018,3,18,17,24,56), 0.03125, 17231.14, 21.02344, 0, null],
		[ new Date(2018,3,18,17,24,55), 0.03125, 17231.09, 21.02344, 0, null],
		[ new Date(2018,3,18,17,24,54), 0.03125, 17230.66, 21.02344, 0, null],
		[ new Date(2018,3,18,17,24,53), 0.03125, 17230.66, 21.02344, 0, null],
		[ new Date(2018,3,18,17,24,52), 0.03125, 17229.83, 21.02344, 0, null],
		[ new Date(2018,3,18,17,24,51), 0.03125, 17225.99, 21.02344, 0, null],
		[ new Date(2018,3,18,17,24,50), 0.03125, 17020.9, 21.02344, 0, null],
		[ new Date(2018,3,18,17,24,49), 0.03125, 17020.9, 21.02344, 0, null],
		[ new Date(2018,3,18,17,24,48), 0.03125, 17017.03, 21.02344, 0, null],
		[ new Date(2018,3,18,17,24,47), 0.03125, 17017.03, 21.02344, 0, null],
		[ new Date(2018,3,18,17,24,46), 0.03125, 17013.82, 21.02344, 0, null],
		[ new Date(2018,3,18,17,24,45), 0.03125, 17013.82, 21.02344, 0, null],
		[ new Date(2018,3,18,17,24,44), 0.03125, 17010.38, 21.02344, 0, null],
		[ new Date(2018,3,18,17,24,43), 0.03125, 16890.21, 21.02344, 0, null],
		[ new Date(2018,3,18,17,24,42), 0.03125, 16890.21, 21.02344, 0, null],
		[ new Date(2018,3,18,17,24,41), 0.03125, 16890.09, 21.02344, 0, null],
		[ new Date(2018,3,18,17,24,40), 0.03125, 16889.93, 21.02344, 0, null],
		[ new Date(2018,3,18,17,24,39), 0.03125, 16889.93, 21.02344, 0, null],
		[ new Date(2018,3,18,17,24,38), 0.03125, 16889.93, 21.02344, 0, null],
		[ new Date(2018,3,18,17,24,37), 0.03125, 16889.88, 21.02344, 0, null],
		[ new Date(2018,3,18,17,24,36), 0.03125, 16887.87, 21.02344, 0, null],
		[ new Date(2018,3,18,17,24,35), 0.03125, 16887.87, 21.02344, 0, null],
		[ new Date(2018,3,18,17,24,34), 0.03125, 16887.87, 21.02344, 0, null],
		[ new Date(2018,3,18,17,24,33), 0.03125, 16887.87, 21.02344, 0, null],
		[ new Date(2018,3,18,17,24,32), 0.03125, 16887.87, 21.02344, 0, null],
		[ new Date(2018,3,18,17,24,31), 0.03125, 16887.87, 21.02344, 0, null],
		[ new Date(2018,3,18,17,24,30), 0.03125, 16887.81, 21.02344, 0, null],
		[ new Date(2018,3,18,17,24,29), 0.03125, 16887.8, 21.02344, 0, null],
		[ new Date(2018,3,18,17,24,28), 0.03125, 16887.8, 21.02344, 0, null],
		[ new Date(2018,3,18,17,24,27), 0.03125, 16887.54, 21.02344, 0, null],
		[ new Date(2018,3,18,17,24,26), 0.03125, 16666.492, 21.02344, 0, null],
		[ new Date(2018,3,18,17,24,25), 0.03125, 16666.488, 21.02344, 0, null],
		[ new Date(2018,3,18,17,24,24), 0.03125, 16666.484, 21.02344, 0, null],
		[ new Date(2018,3,18,17,24,23), 0.03125, 16666.377, 21.02344, 0, null],
		[ new Date(2018,3,18,17,24,22), 0.03125, 16664.703, 21.02344, 0, null],
		[ new Date(2018,3,18,17,24,21), 0.03125, 16664.414, 21.02344, 0, null],
		[ new Date(2018,3,18,17,24,20), 0.03125, 16664.418, 21.02344, 0, null],
		[ new Date(2018,3,18,17,24,19), 0.03125, 16661.473, 21.02344, 0, null],
		[ new Date(2018,3,18,17,24,18), 0.03125, 16466.105, 21.02344, 0, null],
		[ new Date(2018,3,18,17,24,17), 0.03125, 16466.054, 21.02344, 0, null],
		[ new Date(2018,3,18,17,24,16), 0.03125, 16466.008, 21.02344, 0, null],
		[ new Date(2018,3,18,17,24,15), 0.03125, 16461.043, 21.02344, 0, null],
		[ new Date(2018,3,18,17,24,14), 0.03125, 16461.037, 21.02344, 0, null],
		[ new Date(2018,3,18,17,24,13), 0.03125, 16460.902, 21.02344, 0, null],
		[ new Date(2018,3,18,17,24,12), 0.03125, 16459.051, 21.02344, 0, null],
		[ new Date(2018,3,18,17,24,11), 0.03125, 16456.61, 21.02344, 0, null],
		[ new Date(2018,3,18,17,24,10), 0.03125, 16270.121, 21.02344, 0, null],
		[ new Date(2018,3,18,17,24,9), 0.03125, 16270.067, 21.02344, 0, null],
		[ new Date(2018,3,18,17,24,8), 0.03125, 16269.828, 21.02344, 0, null],
		[ new Date(2018,3,18,17,24,7), 0.03125, 16269.84, 21.02344, 0, null],
		[ new Date(2018,3,18,17,24,6), 0.03125, 16269.844, 21.02344, 0, null],
		[ new Date(2018,3,18,17,24,5), 0.03125, 16267.715, 21.02344, 0, null],
		[ new Date(2018,3,18,17,24,4), 0.03125, 16058.139, 21.02344, 0, null],
		[ new Date(2018,3,18,17,24,3), 0.03125, 16058.035, 21.02344, 0, null],
		[ new Date(2018,3,18,17,24,2), 0.03125, 16058.012, 21.02344, 0, null],
		[ new Date(2018,3,18,17,24,1), 0.03125, 16053.598, 21.02344, 0, null],
		[ new Date(2018,3,18,17,24,0), 0.03125, 16053.566, 21.02344, 0, null],
		[ new Date(2018,3,18,17,23,59), 0.03125, 16053.566, 21.02344, 0, null],
		[ new Date(2018,3,18,17,23,58), 0.03125, 16053.566, 21.02344, 0, null],
		[ new Date(2018,3,18,17,23,57), 0.03125, 16052.07, 21.02344, 0, null],
		[ new Date(2018,3,18,17,23,56), 0.03125, 16052.02, 21.02344, 0, null],
		[ new Date(2018,3,18,17,23,55), 0.03125, 16049.426, 21.02344, 0, null],
		[ new Date(2018,3,18,17,23,54), 0.03125, 16049.426, 21.02344, 0, null],
		[ new Date(2018,3,18,17,23,53), 0.03125, 16049.422, 21.02344, 0, null],
		[ new Date(2018,3,18,17,23,52), 0.03125, 16046.909, 21.02344, 0, null],
		[ new Date(2018,3,18,17,23,51), 0.03125, 15856.969, 21.02344, 0, null],
		[ new Date(2018,3,18,17,23,50), 0.03125, 15856.969, 21.02344, 0, null],
		[ new Date(2018,3,18,17,23,49), 0.03125, 15856.68, 21.02344, 0, null],
		[ new Date(2018,3,18,17,23,48), 0.03125, 15856.68, 21.02344, 0, null],
		[ new Date(2018,3,18,17,23,47), 0.03125, 15856.651, 21.02344, 0, null],
		[ new Date(2018,3,18,17,23,46), 0.03125, 15854.676, 21.02344, 0, null],
		[ new Date(2018,3,18,17,23,45), 0.03125, 15853.402, 21.02344, 0, null],
		[ new Date(2018,3,18,17,23,44), 0.03125, 15853.402, 21.02344, 0, null],
		[ new Date(2018,3,18,17,23,43), 0.03125, 15853.402, 21.02344, 0, null],
		[ new Date(2018,3,18,17,23,42), 0.03125, 15849.363, 21.02344, 0, null],
		[ new Date(2018,3,18,17,23,41), 0.03125, 15849.363, 21.02344, 0, null],
		[ new Date(2018,3,18,17,23,40), 0.03125, 15849.227, 21.02344, 0, null],
		[ new Date(2018,3,18,17,23,39), 0.03125, 15849.226, 21.02344, 0, null],
		[ new Date(2018,3,18,17,23,38), 0.03125, 15849.203, 21.02344, 0, null],
		[ new Date(2018,3,18,17,23,37), 0.03125, 15848.215, 21.02344, 0, null],
		[ new Date(2018,3,18,17,23,36), 0.03125, 15846.423, 21.02344, 0, null],
		[ new Date(2018,3,18,17,23,35), 0.03125, 15772.551, 21.02344, 0, null],
		[ new Date(2018,3,18,17,23,34), 0.03125, 15635.078, 21.02344, 0, null],
		[ new Date(2018,3,18,17,23,33), 0.03125, 15635.078, 21.02344, 0, null],
		[ new Date(2018,3,18,17,23,32), 0.03125, 15624, 21.02344, 0, null],
		[ new Date(2018,3,18,17,23,31), 0.03125, 15623.712, 21.02344, 0, null],
		[ new Date(2018,3,18,17,23,30), 0.03125, 15602.672, 21.02344, 0, null],
		[ new Date(2018,3,18,17,23,29), 0.03125, 15557.957, 21.02344, 0, null],
		[ new Date(2018,3,18,17,23,28), 0.03125, 15556.417, 21.02344, 0, null],
		[ new Date(2018,3,18,17,23,27), 0.03125, 15433.471, 21.02344, 0, null],
		[ new Date(2018,3,18,17,23,26), 0.03125, 15433.34, 21.02344, 0, null],
		[ new Date(2018,3,18,17,23,25), 0.03125, 15432.766, 21.02344, 0, null],
		[ new Date(2018,3,18,17,23,24), 0.03125, 15390.578, 21.02344, 0, null],
		[ new Date(2018,3,18,17,23,23), 0.03125, 15387.165, 21.02344, 0, null],
		[ new Date(2018,3,18,17,23,22), 0.03125, 15253.344, 21.02344, 0, null],
		[ new Date(2018,3,18,17,23,21), 0.03125, 15178.984, 21.02344, 0, null],
		[ new Date(2018,3,18,17,23,20), 0.03125, 15144.715, 21.02344, 0, null],
		[ new Date(2018,3,18,17,23,19), 0.03125, 15145.035, 21.02344, 0, null],
		[ new Date(2018,3,18,17,23,18), 0.03125, 15144.637, 21.02344, 0, null],
		[ new Date(2018,3,18,17,23,17), 0.03125, 15144.637, 21.02344, 0, null],
		[ new Date(2018,3,18,17,23,16), 0.03125, 15144.592, 21.02344, 0, null],
		[ new Date(2018,3,18,17,23,15), 0.03125, 15141.652, 21.02344, 0, null],
		[ new Date(2018,3,18,17,23,14), 0.03125, 15140.41, 21.02344, 0, null],
		[ new Date(2018,3,18,17,23,13), 0.03125, 15140.406, 21.02344, 0, null],
		[ new Date(2018,3,18,17,23,12), 0.03125, 15140.406, 21.02344, 0, null],
		[ new Date(2018,3,18,17,23,11), 0.03125, 15140.41, 21.02344, 0, null],
		[ new Date(2018,3,18,17,23,10), 0.03125, 15018.621, 21.02344, 0, null],
		[ new Date(2018,3,18,17,23,9), 0.03125, 15017.789, 21.02344, 0, null],
		[ new Date(2018,3,18,17,23,8), 0.03125, 15017.785, 21.02344, 0, null],
		[ new Date(2018,3,18,17,23,7), 0.03125, 15017.789, 21.02344, 0, null],
		[ new Date(2018,3,18,17,23,6), 0.03125, 15017.789, 21.02344, 0, null],
		[ new Date(2018,3,18,17,23,5), 0.03125, 15017.391, 21.02344, 0, null],
		[ new Date(2018,3,18,17,23,4), 0.03125, 14988.227, 21.02344, 0, null],
		[ new Date(2018,3,18,17,23,3), 0.03125, 14980.637, 21.02344, 0, null],
		[ new Date(2018,3,18,17,23,2), 0.03125, 14980.621, 21.02344, 0, null],
		[ new Date(2018,3,18,17,23,1), 0.03125, 14980.586, 21.02344, 0, null],
		[ new Date(2018,3,18,17,23,0), 0.03125, 14980.587, 21.02344, 0, null],
		[ new Date(2018,3,18,17,22,59), 0.03125, 14980.348, 21.02344, 0, null],
		[ new Date(2018,3,18,17,22,58), 0.03125, 14977.508, 21.02344, 0, null],
		[ new Date(2018,3,18,17,22,57), 0.03125, 14977.508, 21.02344, 0, null],
		[ new Date(2018,3,18,17,22,56), 0.03125, 14977.504, 21.02344, 0, null],
		[ new Date(2018,3,18,17,22,55), 0.03125, 14977.502, 21.02344, 0, null],
		[ new Date(2018,3,18,17,22,54), 0.03125, 14977.433, 21.02344, 0, null],
		[ new Date(2018,3,18,17,22,53), 0.03125, 14958.016, 21.02344, 0, null],
		[ new Date(2018,3,18,17,22,52), 0.03125, 14933.048, 21.02344, 0, null],
		[ new Date(2018,3,18,17,22,51), 0.03125, 14907.707, 21.02344, 0, null],
		[ new Date(2018,3,18,17,22,50), 0.03125, 14886.492, 21.02344, 0, null],
		[ new Date(2018,3,18,17,22,49), 0.03125, 14886.492, 21.02344, 0, null],
		[ new Date(2018,3,18,17,22,48), 0.03125, 14886.492, 21.02344, 0, null],
		[ new Date(2018,3,18,17,22,47), 0.03125, 14886.895, 21.02344, 0, null],
		[ new Date(2018,3,18,17,22,46), 0.03125, 14885.318, 21.02344, 0, null],
		[ new Date(2018,3,18,17,22,45), 0.03125, 14765.216, 21.02344, 0, null],
		[ new Date(2018,3,18,17,22,44), 0.03125, 14764.67, 21.02344, 0, null],
		[ new Date(2018,3,18,17,22,43), 0.03125, 14760.852, 21.02344, 0, null],
		[ new Date(2018,3,18,17,22,42), 0.03125, 14758.992, 21.02344, 0, null],
		[ new Date(2018,3,18,17,22,41), 0.03125, 14758.988, 21.02344, 0, null],
		[ new Date(2018,3,18,17,22,40), 0.03125, 14758.984, 21.02344, 0, null],
		[ new Date(2018,3,18,17,22,39), 0.03125, 14758.989, 21.02344, 0, null],
		[ new Date(2018,3,18,17,22,38), 0.03125, 14759.023, 21.02344, 0, null],
		[ new Date(2018,3,18,17,22,37), 0.03125, 14758.846, 21.02344, 0, null],
		[ new Date(2018,3,18,17,22,36), 0.03125, 14749.071, 21.02344, 0, null],
		[ new Date(2018,3,18,17,22,35), 0.03125, 14723.194, 21.02344, 0, null],
		[ new Date(2018,3,18,17,22,34), 0.03125, 14692.852, 21.02344, 0, null],
		[ new Date(2018,3,18,17,22,33), 0.03125, 14667.316, 21.02344, 0, null],
		[ new Date(2018,3,18,17,22,32), 0.03125, 14640.453, 21.02344, 0, null],
		[ new Date(2018,3,18,17,22,31), 0.03125, 14626.742, 21.02344, 0, null],
		[ new Date(2018,3,18,17,22,30), 0.03125, 14626.951, 21.02344, 0, null],
		[ new Date(2018,3,18,17,22,29), 0.03125, 14641.316, 21.02344, 0, null],
		[ new Date(2018,3,18,17,22,28), 0.03125, 14641.316, 21.02344, 0, null],
		[ new Date(2018,3,18,17,22,27), 0.03125, 14641.32, 21.02344, 0, null],
		[ new Date(2018,3,18,17,22,26), 0.03125, 14641.262, 21.02344, 0, null],
		[ new Date(2018,3,18,17,22,25), 0.03125, 14641.195, 21.02344, 0, null],
		[ new Date(2018,3,18,17,22,24), 0.03125, 14638.607, 21.02344, 0, null],
		[ new Date(2018,3,18,17,22,23), 0.03125, 14636.903, 21.02344, 0, null],
		[ new Date(2018,3,18,17,22,22), 0.03125, 14633.383, 21.02344, 0, null],
		[ new Date(2018,3,18,17,22,21), 0.03125, 14631.723, 21.02344, 0, null],
		[ new Date(2018,3,18,17,22,20), 0.03125, 14629.949, 18.75781, 0, null],
		[ new Date(2018,3,18,17,22,19), 0.03125, 14629.95, 18.75781, 0, null],
		[ new Date(2018,3,18,17,22,18), 0.03125, 14629.992, 18.75781, 0, null],
		[ new Date(2018,3,18,17,22,17), 0.03125, 14629.801, 18.75781, 0, null],
		[ new Date(2018,3,18,17,22,16), 0.03125, 14630.02, 18.75781, 0, null],
		[ new Date(2018,3,18,17,22,15), 0.03125, 14629.16, 18.75781, 0, null],
		[ new Date(2018,3,18,17,22,14), 0.03125, 14614.103, 18.75781, 0, null],
		[ new Date(2018,3,18,17,22,13), 0.03125, 14588.691, 18.75781, 0, null],
		[ new Date(2018,3,18,17,22,12), 0.03125, 14563.979, 18.75781, 0, null],
		[ new Date(2018,3,18,17,22,11), 0.03125, 14541.553, 18.75781, 0, null],
		[ new Date(2018,3,18,17,22,10), 0.03125, 14516.57, 18.75781, 0, null],
		[ new Date(2018,3,18,17,22,9), 0.03125, 14494.277, 18.75781, 0, null],
		[ new Date(2018,3,18,17,22,8), 0.03125, 14466.405, 18.75781, 0, null],
		[ new Date(2018,3,18,17,22,7), 0.03125, 14450.176, 18.75781, 0, null],
		[ new Date(2018,3,18,17,22,6), 0.03125, 14447.879, 18.75781, 0, null],
		[ new Date(2018,3,18,17,22,5), 0.03125, 14329.152, 18.75781, 0, null],
		[ new Date(2018,3,18,17,22,4), 0.03125, 14329.152, 18.75781, 0, null],
		[ new Date(2018,3,18,17,22,3), 0.03125, 14329.152, 18.75781, 0, null],
		[ new Date(2018,3,18,17,22,2), 0.03125, 14329.105, 18.75781, 0, null],
		[ new Date(2018,3,18,17,22,1), 0.03125, 14329.095, 18.75781, 0, null],
		[ new Date(2018,3,18,17,22,0), 0.03125, 14328.934, 18.75781, 0, null],
		[ new Date(2018,3,18,17,21,59), 0.03125, 14328.792, 18.75781, 0, null],
		[ new Date(2018,3,18,17,21,58), 0.03125, 14326.903, 18.75781, 0, null],
		[ new Date(2018,3,18,17,21,57), 0.03125, 14322.879, 18.75781, 0, null],
		[ new Date(2018,3,18,17,21,56), 0.03125, 14320.195, 18.75781, 0, null],
		[ new Date(2018,3,18,17,21,55), 0.03125, 14322.124, 18.75781, 0, null],
		[ new Date(2018,3,18,17,21,54), 0.03125, 14322.082, 18.75781, 0, null],
		[ new Date(2018,3,18,17,21,53), 0.03125, 14321.91, 18.75781, 0, null],
		[ new Date(2018,3,18,17,21,52), 0.03125, 14321.914, 18.75781, 0, null],
		[ new Date(2018,3,18,17,21,51), 0.03125, 14321.91, 18.75781, 0, null],
		[ new Date(2018,3,18,17,21,50), 0.03125, 14321.91, 18.75781, 0, null],
		[ new Date(2018,3,18,17,21,49), 0.03125, 14322.616, 18.75781, 0, null],
		[ new Date(2018,3,18,17,21,48), 0.03125, 14321.902, 18.75781, 0, null],
		[ new Date(2018,3,18,17,21,47), 0.03125, 14321.034, 18.75781, 0, null],
		[ new Date(2018,3,18,17,21,46), 0.03125, 14313.736, 18.75781, 0, null],
		[ new Date(2018,3,18,17,21,45), 0.03125, 14301.523, 18.75781, 0, null],
		[ new Date(2018,3,18,17,21,44), 0.03125, 14287.469, 18.75781, 0, null],
		[ new Date(2018,3,18,17,21,43), 0.03125, 14265.487, 18.75781, 0, null],
		[ new Date(2018,3,18,17,21,42), 0.03125, 14233.614, 18.75781, 0, null],
		[ new Date(2018,3,18,17,21,41), 0.03125, 14199.034, 18.75781, 0, null],
		[ new Date(2018,3,18,17,21,40), 0.03125, 14167.55, 18.75781, 0, null],
		[ new Date(2018,3,18,17,21,39), 0.03125, 14138.605, 18.75781, 0, null],
		[ new Date(2018,3,18,17,21,38), 0.03125, 14111.902, 18.75781, 0, null],
		[ new Date(2018,3,18,17,21,37), 0.03125, 14094.949, 18.75781, 0, null],
		[ new Date(2018,3,18,17,21,36), 0.03125, 14094.953, 18.75781, 0, null],
		[ new Date(2018,3,18,17,21,35), 0.03125, 14094.949, 18.75781, 0, null],
		[ new Date(2018,3,18,17,21,34), 0.03125, 14090.701, 18.75781, 0, null],
		[ new Date(2018,3,18,17,21,33), 0.03125, 13816.621, 18.75781, 0, null],
		[ new Date(2018,3,18,17,21,32), 0.03125, 13787.504, 18.75781, 0, null],
		[ new Date(2018,3,18,17,21,31), 0.03125, 13787.508, 18.75781, 0, null],
		[ new Date(2018,3,18,17,21,30), 0.03125, 13787.508, 18.75781, 0, null],
		[ new Date(2018,3,18,17,21,29), 0.03125, 13785.535, 18.75781, 0, null],
		[ new Date(2018,3,18,17,21,28), 0.03125, 13656.463, 18.75781, 0, null],
		[ new Date(2018,3,18,17,21,27), 0.03125, 13656.323, 18.75781, 0, null],
		[ new Date(2018,3,18,17,21,26), 0.03125, 13656.246, 18.75781, 0, null],
		[ new Date(2018,3,18,17,21,25), 0.03125, 13655.198, 18.75781, 0, null],
		[ new Date(2018,3,18,17,21,24), 0.03125, 13651.789, 18.75781, 0, null],
		[ new Date(2018,3,18,17,21,23), 0.03125, 13648.711, 18.75781, 0, null],
		[ new Date(2018,3,18,17,21,22), 0.03125, 13647.371, 18.75781, 0, null],
		[ new Date(2018,3,18,17,21,21), 0.03125, 13647.371, 18.75781, 0, null],
		[ new Date(2018,3,18,17,21,20), 0.03125, 13647.371, 18.75781, 0, null],
		[ new Date(2018,3,18,17,21,19), 0.03125, 13647.371, 18.75781, 0, null],
		[ new Date(2018,3,18,17,21,18), 0.03125, 13645.406, 18.75781, 0, null],
		[ new Date(2018,3,18,17,21,17), 0.03125, 13645.406, 18.75781, 0, null],
		[ new Date(2018,3,18,17,21,16), 0.03125, 13644.523, 18.75781, 0, null],
		[ new Date(2018,3,18,17,21,15), 0.03125, 13642.656, 18.75781, 0, null],
		[ new Date(2018,3,18,17,21,14), 0.03125, 13633.044, 18.75781, 0, null],
		[ new Date(2018,3,18,17,21,13), 0.03125, 13600.117, 18.75781, 0, null],
		[ new Date(2018,3,18,17,21,12), 0.03125, 13570.215, 18.75781, 0, null],
		[ new Date(2018,3,18,17,21,11), 0.03125, 13551.833, 18.75781, 0, null],
		[ new Date(2018,3,18,17,21,10), 0.03125, 13528.203, 18.75781, 0, null],
		[ new Date(2018,3,18,17,21,9), 0.03125, 13491.817, 18.75781, 0, null],
		[ new Date(2018,3,18,17,21,8), 0.03125, 13457.211, 18.75781, 0, null],
		[ new Date(2018,3,18,17,21,7), 0.03125, 13437.066, 18.75781, 0, null],
		[ new Date(2018,3,18,17,21,6), 0.03125, 13418.164, 18.75781, 0, null],
		[ new Date(2018,3,18,17,21,5), 0.03125, 13408.805, 18.75781, 0, null],
		[ new Date(2018,3,18,17,21,4), 0.03125, 13408.805, 18.75781, 0, null],
		[ new Date(2018,3,18,17,21,3), 0.03125, 13408.799, 18.75781, 0, null],
		[ new Date(2018,3,18,17,21,2), 0.03125, 13407.124, 18.75781, 0, null],
		[ new Date(2018,3,18,17,21,1), 0.03125, 13300.484, 18.75781, 0, null],
		[ new Date(2018,3,18,17,21,0), 0.03125, 13298.715, 18.75781, 0, null],
		[ new Date(2018,3,18,17,20,59), 0.03125, 13298.715, 18.75781, 0, null],
		[ new Date(2018,3,18,17,20,58), 0.03125, 13297.427, 18.75781, 0, null],
		[ new Date(2018,3,18,17,20,57), 0.03125, 13196.152, 18.75781, 0, null],
		[ new Date(2018,3,18,17,20,56), 0.03125, 13161.484, 18.75781, 0, null],
		[ new Date(2018,3,18,17,20,55), 0.03125, 13161.461, 18.75781, 0, null],
		[ new Date(2018,3,18,17,20,54), 0.03125, 13161.457, 18.75781, 0, null],
		[ new Date(2018,3,18,17,20,53), 0.03125, 13161.519, 18.75781, 0, null],
		[ new Date(2018,3,18,17,20,52), 0.03125, 13161.461, 18.75781, 0, null],
		[ new Date(2018,3,18,17,20,51), 0.03125, 13160.345, 18.75781, 0, null],
		[ new Date(2018,3,18,17,20,50), 0.03125, 13159.879, 18.75781, 0, null],
		[ new Date(2018,3,18,17,20,49), 0.03125, 13159.66, 18.75781, 0, null],
		[ new Date(2018,3,18,17,20,48), 0.03125, 13158.973, 18.75781, 0, null],
		[ new Date(2018,3,18,17,20,47), 0.03125, 13158.977, 18.75781, 0, null],
		[ new Date(2018,3,18,17,20,46), 0.03125, 13158.977, 18.75781, 0, null],
		[ new Date(2018,3,18,17,20,45), 0.03125, 13154.988, 18.75781, 0, null],
		[ new Date(2018,3,18,17,20,44), 0.03125, 13154.979, 18.75781, 0, null],
		[ new Date(2018,3,18,17,20,43), 0.03125, 13154.582, 18.75781, 0, null],
		[ new Date(2018,3,18,17,20,42), 0.03125, 13154.57, 18.75781, 0, null],
		[ new Date(2018,3,18,17,20,41), 0.03125, 13154.032, 18.75781, 0, null],
		[ new Date(2018,3,18,17,20,40), 0.03125, 13153.476, 18.75781, 0, null],
		[ new Date(2018,3,18,17,20,39), 0.03125, 13150.619, 18.75781, 0, null],
		[ new Date(2018,3,18,17,20,38), 0.03125, 13203.5, 18.75781, 0, null],
		[ new Date(2018,3,18,17,20,37), 0.03125, 17462.14, 18.75781, 0, null],
		[ new Date(2018,3,18,17,20,36), 0.03125, 17415.82, 18.75781, 0, null],
		[ new Date(2018,3,18,17,20,35), 0.03125, 17273.33, 18.75781, 0, null],
		[ new Date(2018,3,18,17,20,34), 0.03125, 17249.18, 18.75781, 0, null],
		[ new Date(2018,3,18,17,20,33), 0.03125, 17139.18, 18.75781, 0, null],
		[ new Date(2018,3,18,17,20,32), 0.03125, 17132.56, 18.75781, 0, null],
		[ new Date(2018,3,18,17,20,31), 0.03125, 17132.56, 18.75781, 0, null],
		[ new Date(2018,3,18,17,20,30), 0.03125, 17131.72, 18.75781, 0, null],
		[ new Date(2018,3,18,17,20,29), 0.03125, 17069.36, 18.75781, 0, null],
		[ new Date(2018,3,18,17,20,28), 0.03125, 17069.35, 18.75781, 0, null],
		[ new Date(2018,3,18,17,20,27), 0.03125, 17069.33, 18.75781, 0, null],
		[ new Date(2018,3,18,17,20,26), 0.03125, 17067.85, 18.75781, 0, null],
		[ new Date(2018,3,18,17,20,25), 0.03125, 17067.83, 18.75781, 0, null],
		[ new Date(2018,3,18,17,20,24), 0.03125, 17067.78, 18.75781, 0, null],
		[ new Date(2018,3,18,17,20,23), 0.03125, 17067.78, 18.75781, 0, null],
		[ new Date(2018,3,18,17,20,22), 0.03125, 17067.66, 18.75781, 0, null],
		[ new Date(2018,3,18,17,20,21), 0.03125, 17066.85, 18.75781, 0, null],
		[ new Date(2018,3,18,17,20,20), 0.03125, 17066.78, 18.75781, 0, null],
		[ new Date(2018,3,18,17,20,19), 0.03125, 17066.78, 18.75781, 0, null],
		[ new Date(2018,3,18,17,20,18), 0.03125, 17066.02, 18.75781, 0, null],
		[ new Date(2018,3,18,17,20,17), 0.03125, 17012.31, 18.75781, 0, null],
		[ new Date(2018,3,18,17,20,16), 0.03125, 17012.32, 18.75781, 0, null],
		[ new Date(2018,3,18,17,20,15), 0.03125, 17010.18, 18.75781, 0, null],
		[ new Date(2018,3,18,17,20,14), 0.03125, 17008.7, 18.75781, 0, null],
		[ new Date(2018,3,18,17,20,13), 0.03125, 17002.68, 18.75781, 0, null],
		[ new Date(2018,3,18,17,20,12), 0.03125, 16858.12, 18.75781, 0, null],
		[ new Date(2018,3,18,17,20,11), 0.03125, 16765.496, 18.75781, 0, null],
		[ new Date(2018,3,18,17,20,10), 0.03125, 16746.02, 18.75781, 0, null],
		[ new Date(2018,3,18,17,20,9), 0.03125, 16708.635, 18.75781, 0, null],
		[ new Date(2018,3,18,17,20,8), 0.03125, 16620.34, 18.75781, 0, null],
		[ new Date(2018,3,18,17,20,7), 0.03125, 16587.746, 18.75781, 0, null],
		[ new Date(2018,3,18,17,20,6), 0.03125, 16569.301, 18.75781, 0, null],
		[ new Date(2018,3,18,17,20,5), 0.03125, 16569.199, 18.75781, 0, null],
		[ new Date(2018,3,18,17,20,4), 0.03125, 16560.898, 18.75781, 0, null],
		[ new Date(2018,3,18,17,20,3), 0.03125, 16552.914, 18.75781, 0, null],
		[ new Date(2018,3,18,17,20,2), 0.03125, 16552.251, 18.75781, 0, null],
		[ new Date(2018,3,18,17,20,1), 0.03125, 16502.91, 18.75781, 0, null],
		[ new Date(2018,3,18,17,20,0), 0.03125, 16502.862, 18.75781, 0, null],
		[ new Date(2018,3,18,17,19,59), 0.03125, 16501.691, 18.75781, 0, null],
		[ new Date(2018,3,18,17,19,58), 0.03125, 16500.156, 18.75781, 0, null],
		[ new Date(2018,3,18,17,19,57), 0.03125, 16498.586, 18.75781, 0, null],
		[ new Date(2018,3,18,17,19,56), 0.03125, 16498.582, 18.75781, 0, null],
		[ new Date(2018,3,18,17,19,55), 0.03125, 16498.578, 18.75781, 0, null],
		[ new Date(2018,3,18,17,19,54), 0.03125, 16498.566, 18.75781, 0, null],
		[ new Date(2018,3,18,17,19,53), 0.03125, 16498.616, 18.75781, 0, null],
		[ new Date(2018,3,18,17,19,52), 0.03125, 16498.505, 18.75781, 0, null],
		[ new Date(2018,3,18,17,19,51), 0.03125, 16497.371, 18.75781, 0, null],
		[ new Date(2018,3,18,17,19,50), 0.03125, 16495.35, 18.75781, 0, null],
		[ new Date(2018,3,18,17,19,49), 0.03125, 16492.133, 18.75781, 0, null],
		[ new Date(2018,3,18,17,19,48), 0.03125, 16476.523, 18.75781, 0, null],
		[ new Date(2018,3,18,17,19,47), 0.03125, 12546.353, 18.75781, 0, null],
		[ new Date(2018,3,18,17,19,46), 0.03125, 12533.234, 18.75781, 0, null],
		[ new Date(2018,3,18,17,19,45), 0.03125, 12527.135, 18.75781, 0, null],
		[ new Date(2018,3,18,17,19,44), 0.03125, 12507.168, 18.75781, 0, null],
		[ new Date(2018,3,18,17,19,43), 0.03125, 12499.391, 18.75781, 0, null],
		[ new Date(2018,3,18,17,19,42), 0.03125, 12489.802, 18.75781, 0, null],
		[ new Date(2018,3,18,17,19,41), 0.03125, 12478.301, 18.75781, 0, null],
		[ new Date(2018,3,18,17,19,40), 0.03125, 12470.516, 18.75781, 0, null],
		[ new Date(2018,3,18,17,19,39), 0.03125, 12470.512, 18.75781, 0, null],
		[ new Date(2018,3,18,17,19,38), 0.03125, 12470.512, 18.75781, 0, null],
		[ new Date(2018,3,18,17,19,37), 0.03125, 12470.212, 18.75781, 0, null],
		[ new Date(2018,3,18,17,19,36), 0.03125, 12470.277, 18.75781, 0, null],
		[ new Date(2018,3,18,17,19,35), 0.03125, 12469.996, 18.75781, 0, null],
		[ new Date(2018,3,18,17,19,34), 0.03125, 12469.996, 18.75781, 0, null],
		[ new Date(2018,3,18,17,19,33), 0.03125, 12469.992, 18.75781, 0, null],
		[ new Date(2018,3,18,17,19,32), 0.03125, 12319.617, 18.75781, 0, null],
		[ new Date(2018,3,18,17,19,31), 0.03125, 12319.617, 18.75781, 0, null],
		[ new Date(2018,3,18,17,19,30), 0.03125, 12319.621, 18.75781, 0, null],
		[ new Date(2018,3,18,17,19,29), 0.03125, 12319.621, 18.75781, 0, null],
		[ new Date(2018,3,18,17,19,28), 0.03125, 12319.621, 18.75781, 0, null],
		[ new Date(2018,3,18,17,19,27), 0.03125, 12319.621, 18.75781, 0, null],
		[ new Date(2018,3,18,17,19,26), 0.03125, 12319.609, 18.75781, 0, null],
		[ new Date(2018,3,18,17,19,25), 0.03125, 12319.512, 18.75781, 0, null],
		[ new Date(2018,3,18,17,19,24), 0.03125, 12319.512, 18.75781, 0, null],
		[ new Date(2018,3,18,17,19,23), 0.03125, 12319.512, 18.75781, 0, null],
		[ new Date(2018,3,18,17,19,22), 0.03125, 12319.391, 18.75781, 0, null],
		[ new Date(2018,3,18,17,19,21), 0.03125, 12311.441, 18.75781, 0, null],
		[ new Date(2018,3,18,17,19,20), 0.03125, 12309.5, 18.75781, 0, null],
		[ new Date(2018,3,18,17,19,19), 0.03125, 12287.512, 18.75781, 0, null],
		[ new Date(2018,3,18,17,19,18), 0.03125, 12287.199, 18.75781, 0, null],
		[ new Date(2018,3,18,17,19,17), 0.03125, 12287.187, 18.75781, 0, null],
		[ new Date(2018,3,18,17,19,16), 0.03125, 12287.125, 18.75781, 0, null],
		[ new Date(2018,3,18,17,19,15), 0.03125, 12287.121, 18.75781, 0, null],
		[ new Date(2018,3,18,17,19,14), 0.03125, 12287.121, 18.75781, 0, null],
		[ new Date(2018,3,18,17,19,13), 0.03125, 12287.125, 18.75781, 0, null],
		[ new Date(2018,3,18,17,19,12), 0.03125, 12287.125, 18.75781, 0, null],
		[ new Date(2018,3,18,17,19,11), 0.03125, 12287.121, 18.75781, 0, null],
		[ new Date(2018,3,18,17,19,10), 0.03125, 12287.125, 18.75781, 0, null],
		[ new Date(2018,3,18,17,19,9), 0.03125, 12287.121, 18.75781, 0, null],
		[ new Date(2018,3,18,17,19,8), 0.03125, 12287.121, 18.75781, 0, null],
		[ new Date(2018,3,18,17,19,7), 0.03125, 12287.121, 18.75781, 0, null],
		[ new Date(2018,3,18,17,19,6), 0.03125, 12287.117, 18.75781, 0, null],
		[ new Date(2018,3,18,17,19,5), 0.03125, 12287.113, 18.75781, 0, null],
		[ new Date(2018,3,18,17,19,4), 0.03125, 12287.094, 18.75781, 0, null],
		[ new Date(2018,3,18,17,19,3), 0.03125, 12287.077, 18.75781, 0, null],
		[ new Date(2018,3,18,17,19,2), 0.03125, 12286.699, 18.75781, 0, null],
		[ new Date(2018,3,18,17,19,1), 0.03125, 12286.637, 18.75781, 0, null],
		[ new Date(2018,3,18,17,19,0), 0.03125, 12284.887, 18.75781, 0, null],
		[ new Date(2018,3,18,17,18,59), 0.03125, 12277.379, 18.75781, 0, null],
		[ new Date(2018,3,18,17,18,58), 0.03125, 12277.379, 18.75781, 0, null],
		[ new Date(2018,3,18,17,18,57), 0.03125, 12277.379, 18.75781, 0, null],
		[ new Date(2018,3,18,17,18,56), 0.03125, 12277.375, 18.75781, 0, null],
		[ new Date(2018,3,18,17,18,55), 0.03125, 12025.258, 18.75781, 0, null],
		[ new Date(2018,3,18,17,18,54), 0.03125, 12001.168, 18.75781, 0, null],
		[ new Date(2018,3,18,17,18,53), 0.03125, 12001.164, 18.75781, 0, null],
		[ new Date(2018,3,18,17,18,52), 0.03125, 12001.136, 18.75781, 0, null],
		[ new Date(2018,3,18,17,18,51), 0.03125, 11999.023, 18.75781, 0, null],
		[ new Date(2018,3,18,17,18,50), 0.03125, 11790.879, 18.75781, 0, null],
		[ new Date(2018,3,18,17,18,49), 0.03125, 11790.875, 18.75781, 0, null],
		[ new Date(2018,3,18,17,18,48), 0.03125, 11790.863, 18.75781, 0, null],
		[ new Date(2018,3,18,17,18,47), 0.03125, 11790.863, 18.75781, 0, null],
		[ new Date(2018,3,18,17,18,46), 0.03125, 11789.949, 18.75781, 0, null],
		[ new Date(2018,3,18,17,18,45), 0.03125, 11787.758, 18.75781, 0, null],
		[ new Date(2018,3,18,17,18,44), 0.03125, 11786.765, 18.75781, 0, null],
		[ new Date(2018,3,18,17,18,43), 0.03125, 11785.328, 18.75781, 0, null],
		[ new Date(2018,3,18,17,18,42), 0.03125, 11785.297, 18.75781, 0, null],
		[ new Date(2018,3,18,17,18,41), 0.03125, 11785.297, 18.75781, 0, null],
		[ new Date(2018,3,18,17,18,40), 0.03125, 11785.285, 18.75781, 0, null],
		[ new Date(2018,3,18,17,18,39), 0.03125, 11785.289, 18.75781, 0, null],
		[ new Date(2018,3,18,17,18,38), 0.03125, 11785.305, 18.75781, 0, null],
		[ new Date(2018,3,18,17,18,37), 0.03125, 11785.302, 18.75781, 0, null],
		[ new Date(2018,3,18,17,18,36), 0.03125, 11784.962, 18.75781, 0, null],
		[ new Date(2018,3,18,17,18,35), 0.03125, 11772.715, 18.75781, 0, null],
		[ new Date(2018,3,18,17,18,34), 0.03125, 11757.533, 18.75781, 0, null],
		[ new Date(2018,3,18,17,18,33), 0.03125, 11736.582, 18.75781, 0, null],
		[ new Date(2018,3,18,17,18,32), 0.03125, 11717.835, 18.75781, 0, null],
		[ new Date(2018,3,18,17,18,31), 0.03125, 11700.543, 18.75781, 0, null],
		[ new Date(2018,3,18,17,18,30), 0.03125, 11682.266, 18.75781, 0, null],
		[ new Date(2018,3,18,17,18,29), 0.03125, 11660.944, 18.75781, 0, null],
		[ new Date(2018,3,18,17,18,28), 0.03125, 11642.822, 18.75781, 0, null],
		[ new Date(2018,3,18,17,18,27), 0.03125, 11621.902, 18.75781, 0, null],
		[ new Date(2018,3,18,17,18,26), 0.03125, 11605.114, 18.75781, 0, null],
		[ new Date(2018,3,18,17,18,25), 0.03125, 11594.043, 18.75781, 0, null],
		[ new Date(2018,3,18,17,18,24), 0.03125, 11589.251, 18.75781, 0, null],
		[ new Date(2018,3,18,17,18,23), 0.03125, 11589.719, 18.75781, 0, null],
		[ new Date(2018,3,18,17,18,22), 0.03125, 11589.719, 18.75781, 0, null],
		[ new Date(2018,3,18,17,18,21), 0.03125, 11589.766, 18.75781, 0, null],
		[ new Date(2018,3,18,17,18,20), 0.03125, 11589.727, 18.75781, 0, null],
		[ new Date(2018,3,18,17,18,19), 0.03125, 11589.73, 18.75781, 0, null],
		[ new Date(2018,3,18,17,18,18), 0.03125, 11589.73, 18.75781, 0, null],
		[ new Date(2018,3,18,17,18,17), 0.03125, 11589.73, 18.75781, 0, null],
		[ new Date(2018,3,18,17,18,16), 0.03125, 11589.715, 18.75781, 0, null],
		[ new Date(2018,3,18,17,18,15), 0.03125, 11589.66, 18.75781, 0, null],
		[ new Date(2018,3,18,17,18,14), 0.03125, 11589.622, 18.75781, 0, null],
		[ new Date(2018,3,18,17,18,13), 0.03125, 11589.436, 18.75781, 0, null],
		[ new Date(2018,3,18,17,18,12), 0.03125, 11589.044, 18.75781, 0, null],
		[ new Date(2018,3,18,17,18,11), 0.03125, 11587.207, 18.75781, 0, null],
		[ new Date(2018,3,18,17,18,10), 0.03125, 11584.633, 18.75781, 0, null],
		[ new Date(2018,3,18,17,18,9), 0.03125, 11583.621, 18.75781, 0, null],
		[ new Date(2018,3,18,17,18,8), 0.03125, 11582.18, 18.75781, 0, null],
		[ new Date(2018,3,18,17,18,7), 0.03125, 11582.178, 18.75781, 0, null],
		[ new Date(2018,3,18,17,18,6), 0.03125, 11582.031, 18.75781, 0, null],
		[ new Date(2018,3,18,17,18,5), 0.03125, 11581.988, 18.75781, 0, null],
		[ new Date(2018,3,18,17,18,4), 0.03125, 11581.988, 18.75781, 0, null],
		[ new Date(2018,3,18,17,18,3), 0.03125, 11581.609, 18.75781, 0, null],
		[ new Date(2018,3,18,17,18,2), 0.03125, 11581.07, 18.75781, 0, null],
		[ new Date(2018,3,18,17,18,1), 0.03125, 11579.94, 18.75781, 0, null],
		[ new Date(2018,3,18,17,18,0), 0.03125, 11564.948, 18.75781, 0, null],
		[ new Date(2018,3,18,17,17,59), 0.03125, 11545.871, 18.75781, 0, null],
		[ new Date(2018,3,18,17,17,58), 0.03125, 11534.07, 18.75781, 0, null],
		[ new Date(2018,3,18,17,17,57), 0.03125, 11533.07, 18.75781, 0, null],
		[ new Date(2018,3,18,17,17,56), 0.03125, 11520.066, 18.75781, 0, null],
		[ new Date(2018,3,18,17,17,55), 0.03125, 11499.242, 18.75781, 0, null],
		[ new Date(2018,3,18,17,17,54), 0.03125, 11479.225, 18.75781, 0, null],
		[ new Date(2018,3,18,17,17,53), 0.03125, 11454.852, 18.75781, 0, null],
		[ new Date(2018,3,18,17,17,52), 0.03125, 11408.27, 18.75781, 0, null],
		[ new Date(2018,3,18,17,17,51), 0.03125, 11258.453, 18.75781, 0, null],
		[ new Date(2018,3,18,17,17,50), 0.03125, 11078.359, 18.75781, 0, null],
		[ new Date(2018,3,18,17,17,49), 0.03125, 11077.965, 18.75781, 0, null],
		[ new Date(2018,3,18,17,17,48), 0.03125, 11077.699, 18.75781, 0, null],
		[ new Date(2018,3,18,17,17,47), 0.03125, 11077.395, 18.75781, 0, null],
		[ new Date(2018,3,18,17,17,46), 0.03125, 11076.73, 18.75781, 0, null],
		[ new Date(2018,3,18,17,17,45), 0.03125, 11076.303, 18.75781, 0, null],
		[ new Date(2018,3,18,17,17,44), 0.03125, 11073.84, 18.75781, 0, null],
		[ new Date(2018,3,18,17,17,43), 0.03125, 10923.84, 18.75781, 0, null],
		[ new Date(2018,3,18,17,17,42), 0.03125, 10916.762, 18.75781, 0, null],
		[ new Date(2018,3,18,17,17,41), 0.03125, 10905.254, 18.75781, 0, null],
		[ new Date(2018,3,18,17,17,40), 0.03125, 10892.238, 18.75781, 0, null],
		[ new Date(2018,3,18,17,17,39), 0.03125, 10880.855, 18.75781, 0, null],
		[ new Date(2018,3,18,17,17,38), 0.03125, 10874.798, 18.75781, 0, null],
		[ new Date(2018,3,18,17,17,37), 0.03125, 10874.595, 18.75781, 0, null],
		[ new Date(2018,3,18,17,17,36), 0.03125, 10874.387, 18.75781, 0, null],
		[ new Date(2018,3,18,17,17,35), 0.03125, 10861.752, 18.75781, 0, null],
		[ new Date(2018,3,18,17,17,34), 0.03125, 10859.363, 18.75781, 0, null],
		[ new Date(2018,3,18,17,17,33), 0.03125, 10811.531, 18.75781, 0, null],
		[ new Date(2018,3,18,17,17,32), 0.03125, 10719.874, 18.75781, 0, null],
		[ new Date(2018,3,18,17,17,31), 0.03125, 10705.547, 18.75781, 0, null],
		[ new Date(2018,3,18,17,17,30), 0.03125, 10703.778, 18.75781, 0, null],
		[ new Date(2018,3,18,17,17,29), 0.03125, 10672.827, 18.75781, 0, null],
		[ new Date(2018,3,18,17,17,28), 0.03125, 10645.73, 18.75781, 0, null],
		[ new Date(2018,3,18,17,17,27), 0.03125, 10614.479, 18.75781, 0, null],
		[ new Date(2018,3,18,17,17,26), 0.03125, 10585.969, 18.75781, 0, null],
		[ new Date(2018,3,18,17,17,25), 0.03125, 10568.418, 18.75781, 0, null],
		[ new Date(2018,3,18,17,17,24), 0.03125, 10564.254, 18.75781, 0, null],
		[ new Date(2018,3,18,17,17,23), 0.03125, 10564.666, 18.75781, 0, null],
		[ new Date(2018,3,18,17,17,22), 0.03125, 10578.738, 18.75781, 0, null],
		[ new Date(2018,3,18,17,17,21), 0.03125, 10486.691, 18.75781, 0, null],
		[ new Date(2018,3,18,17,17,20), 0.03125, 10486.695, 18.75781, 0, null],
		[ new Date(2018,3,18,17,17,19), 0.03125, 10485.972, 18.75781, 0, null],
		[ new Date(2018,3,18,17,17,18), 0.03125, 10428.601, 18.75781, 0, null],
		[ new Date(2018,3,18,17,17,17), 0.03125, 10428.555, 18.75781, 0, null],
		[ new Date(2018,3,18,17,17,16), 0.03125, 10427.986, 18.75781, 0, null],
		[ new Date(2018,3,18,17,17,15), 0.03125, 10425.051, 18.75781, 0, null],
		[ new Date(2018,3,18,17,17,14), 0.03125, 10423.102, 18.75781, 0, null],
		[ new Date(2018,3,18,17,17,13), 0.03125, 10422.395, 18.75781, 0, null],
		[ new Date(2018,3,18,17,17,12), 0.03125, 10422.395, 18.75781, 0, null],
		[ new Date(2018,3,18,17,17,11), 0.03125, 10358.216, 18.75781, 0, null],
		[ new Date(2018,3,18,17,17,10), 0.03125, 10358, 18.75781, 0, null],
		[ new Date(2018,3,18,17,17,9), 0.03125, 10343.714, 18.75781, 0, null],
		[ new Date(2018,3,18,17,17,8), 0.03125, 10339.323, 18.75781, 0, null],
		[ new Date(2018,3,18,17,17,7), 0.03125, 10313.963, 18.75781, 0, null],
		[ new Date(2018,3,18,17,17,6), 0.03125, 10287.227, 18.75781, 0, null],
		[ new Date(2018,3,18,17,17,5), 0.03125, 10256.451, 18.75781, 0, null],
		[ new Date(2018,3,18,17,17,4), 0.03125, 10224.067, 18.75781, 0, null],
		[ new Date(2018,3,18,17,17,3), 0.03125, 10196.109, 18.75781, 0, null],
		[ new Date(2018,3,18,17,17,2), 0.03125, 10167.582, 18.75781, 0, null],
		[ new Date(2018,3,18,17,17,1), 0.03125, 10158.586, 18.75781, 0, null],
		[ new Date(2018,3,18,17,17,0), 0.03125, 10154.434, 18.75781, 0, null],
		[ new Date(2018,3,18,17,16,59), 0.03125, 10060.512, 18.75781, 0, null],
		[ new Date(2018,3,18,17,16,58), 0.03125, 10060.539, 18.75781, 0, null],
		[ new Date(2018,3,18,17,16,57), 0.03125, 10060.539, 18.75781, 0, null],
		[ new Date(2018,3,18,17,16,56), 0.03125, 10060.539, 18.75781, 0, null],
		[ new Date(2018,3,18,17,16,55), 0.03125, 10060.539, 18.75781, 0, null],
		[ new Date(2018,3,18,17,16,54), 0.03125, 9996.632, 18.75781, 0, null],
		[ new Date(2018,3,18,17,16,53), 0.03125, 9996.584, 18.75781, 0, null],
		[ new Date(2018,3,18,17,16,52), 0.03125, 9996.105, 18.75781, 0, null],
		[ new Date(2018,3,18,17,16,51), 0.03125, 9993.294, 18.75781, 0, null],
		[ new Date(2018,3,18,17,16,50), 0.03125, 9990.074, 18.75781, 0, null],
		[ new Date(2018,3,18,17,16,49), 0.03125, 9988.525, 18.75781, 0, null],
		[ new Date(2018,3,18,17,16,48), 0.03125, 9988.609, 18.75781, 0, null],
		[ new Date(2018,3,18,17,16,47), 0.03125, 9988.215, 18.75781, 0, null],
		[ new Date(2018,3,18,17,16,46), 0.03125, 9988.215, 18.75781, 0, null],
		[ new Date(2018,3,18,17,16,45), 0.03125, 9988.219, 18.75781, 0, null],
		[ new Date(2018,3,18,17,16,44), 0.03125, 9988.107, 18.75781, 0, null],
		[ new Date(2018,3,18,17,16,43), 0.03125, 9980.059, 18.75781, 0, null],
		[ new Date(2018,3,18,17,16,42), 0.03125, 9980.059, 18.75781, 0, null],
		[ new Date(2018,3,18,17,16,41), 0.03125, 9979.597, 18.75781, 0, null],
		[ new Date(2018,3,18,17,16,40), 0.03125, 9966.036, 18.75781, 0, null],
		[ new Date(2018,3,18,17,16,39), 0.03125, 9935.531, 18.75781, 0, null],
		[ new Date(2018,3,18,17,16,38), 0.03125, 9901.301, 18.75781, 0, null],
		[ new Date(2018,3,18,17,16,37), 0.03125, 9869.395, 18.75781, 0, null],
		[ new Date(2018,3,18,17,16,36), 0.03125, 9843.02, 18.75781, 0, null],
		[ new Date(2018,3,18,17,16,35), 0.03125, 9836.621, 18.75781, 0, null],
		[ new Date(2018,3,18,17,16,34), 0.03125, 9836.62, 18.75781, 0, null],
		[ new Date(2018,3,18,17,16,33), 0.03125, 9836.559, 18.75781, 0, null],
		[ new Date(2018,3,18,17,16,32), 0.03125, 9836.561, 18.75781, 0, null],
		[ new Date(2018,3,18,17,16,31), 0.03125, 9836.488, 18.75781, 0, null],
		[ new Date(2018,3,18,17,16,30), 0.03125, 9836.461, 18.75781, 0, null],
		[ new Date(2018,3,18,17,16,29), 0.03125, 9836.456, 18.75781, 0, null],
		[ new Date(2018,3,18,17,16,28), 0.03125, 9836.363, 18.75781, 0, null],
		[ new Date(2018,3,18,17,16,27), 0.03125, 9836.346, 18.75781, 0, null],
		[ new Date(2018,3,18,17,16,26), 0.03125, 9835.583, 18.75781, 0, null],
		[ new Date(2018,3,18,17,16,25), 0.03125, 9832.129, 18.75781, 0, null],
		[ new Date(2018,3,18,17,16,24), 0.03125, 9830.941, 18.75781, 0, null],
		[ new Date(2018,3,18,17,16,23), 0.03125, 9830.008, 18.75781, 0, null],
		[ new Date(2018,3,18,17,16,22), 0.03125, 9830.008, 18.75781, 0, null],
		[ new Date(2018,3,18,17,16,21), 0.03125, 9829.992, 18.75781, 0, null],
		[ new Date(2018,3,18,17,16,20), 0.03125, 9829.935, 18.75781, 0, null],
		[ new Date(2018,3,18,17,16,19), 0.03125, 9829.485, 18.75781, 0, null],
		[ new Date(2018,3,18,17,16,18), 0.03125, 9809.805, 18.75781, 0, null],
		[ new Date(2018,3,18,17,16,17), 0.03125, 9779.113, 18.75781, 0, null],
		[ new Date(2018,3,18,17,16,16), 0.03125, 9746.337, 18.75781, 0, null],
		[ new Date(2018,3,18,17,16,15), 0.03125, 9724.984, 18.75781, 0, null],
		[ new Date(2018,3,18,17,16,14), 0.03125, 9719.375, 18.75781, 0, null],
		[ new Date(2018,3,18,17,16,13), 0.03125, 9719.375, 18.75781, 0, null],
		[ new Date(2018,3,18,17,16,12), 0.03125, 9719.459, 18.75781, 0, null],
		[ new Date(2018,3,18,17,16,11), 0.03125, 9726.156, 18.75781, 0, null],
		[ new Date(2018,3,18,17,16,10), 0.03125, 9726.156, 18.75781, 0, null],
		[ new Date(2018,3,18,17,16,9), 0.03125, 9726.121, 18.75781, 0, null],
		[ new Date(2018,3,18,17,16,8), 0.03125, 9725.98, 18.75781, 0, null],
		[ new Date(2018,3,18,17,16,7), 0.03125, 9724.48, 18.75781, 0, null],
		[ new Date(2018,3,18,17,16,6), 0.03125, 9721.477, 18.75781, 0, null],
		[ new Date(2018,3,18,17,16,5), 0.03125, 9720.012, 18.75781, 0, null],
		[ new Date(2018,3,18,17,16,4), 0.03125, 9720.012, 18.75781, 0, null],
		[ new Date(2018,3,18,17,16,3), 0.03125, 9720.007, 18.75781, 0, null],
		[ new Date(2018,3,18,17,16,2), 0.03125, 9719.949, 18.75781, 0, null],
		[ new Date(2018,3,18,17,16,1), 0.03125, 9719.377, 18.75781, 0, null],
		[ new Date(2018,3,18,17,16,0), 0.03125, 9707.586, 18.75781, 0, null],
		[ new Date(2018,3,18,17,15,59), 0.03125, 9675.801, 18.75781, 0, null],
		[ new Date(2018,3,18,17,15,58), 0.03125, 9643.303, 18.75781, 0, null],
		[ new Date(2018,3,18,17,15,57), 0.03125, 9611.696, 18.75781, 0, null],
		[ new Date(2018,3,18,17,15,56), 0.03125, 9586.906, 18.75781, 0, null],
		[ new Date(2018,3,18,17,15,55), 0.03125, 9579.375, 18.75781, 0, null],
		[ new Date(2018,3,18,17,15,54), 0.03125, 9579.441, 18.75781, 0, null],
		[ new Date(2018,3,18,17,15,53), 0.03125, 9579.41, 18.75781, 0, null],
		[ new Date(2018,3,18,17,15,52), 0.03125, 9579.203, 18.75781, 0, null],
		[ new Date(2018,3,18,17,15,51), 0.03125, 9578.029, 18.75781, 0, null],
		[ new Date(2018,3,18,17,15,50), 0.03125, 9484.888, 18.75781, 0, null],
		[ new Date(2018,3,18,17,15,49), 0.03125, 9484.645, 18.75781, 0, null],
		[ new Date(2018,3,18,17,15,48), 0.03125, 9480.62, 18.75781, 0, null],
		[ new Date(2018,3,18,17,15,47), 0.03125, 9476.914, 18.75781, 0, null],
		[ new Date(2018,3,18,17,15,46), 0.03125, 9474.008, 18.75781, 0, null],
		[ new Date(2018,3,18,17,15,45), 0.03125, 9474.008, 18.75781, 0, null],
		[ new Date(2018,3,18,17,15,44), 0.03125, 9474.004, 18.75781, 0, null],
		[ new Date(2018,3,18,17,15,43), 0.03125, 9473.567, 18.75781, 0, null],
		[ new Date(2018,3,18,17,15,42), 0.03125, 9442.786, 18.75781, 0, null],
		[ new Date(2018,3,18,17,15,41), 0.03125, 9442.517, 18.75781, 0, null],
		[ new Date(2018,3,18,17,15,40), 0.03125, 9439.498, 18.75781, 0, null],
		[ new Date(2018,3,18,17,15,39), 0.03125, 9418.673, 18.75781, 0, null],
		[ new Date(2018,3,18,17,15,38), 0.03125, 9388.559, 18.75781, 0, null],
		[ new Date(2018,3,18,17,15,37), 0.03125, 9352.918, 18.75781, 0, null],
		[ new Date(2018,3,18,17,15,36), 0.03125, 9331.164, 18.75781, 0, null],
		[ new Date(2018,3,18,17,15,35), 0.03125, 9301.418, 18.75781, 0, null],
		[ new Date(2018,3,18,17,15,34), 0.03125, 9286.254, 18.75781, 0, null],
		[ new Date(2018,3,18,17,15,33), 0.03125, 9276.891, 18.75781, 0, null],
		[ new Date(2018,3,18,17,15,32), 0.03125, 9276.656, 18.75781, 0, null],
		[ new Date(2018,3,18,17,15,31), 0.03125, 9211.434, 18.75781, 0, null],
		[ new Date(2018,3,18,17,15,30), 0.03125, 9211.434, 18.75781, 0, null],
		[ new Date(2018,3,18,17,15,29), 0.03125, 9211.438, 18.75781, 0, null],
		[ new Date(2018,3,18,17,15,28), 0.03125, 9166.91, 18.75781, 0, null],
		[ new Date(2018,3,18,17,15,27), 0.03125, 9166.295, 18.75781, 0, null],
		[ new Date(2018,3,18,17,15,26), 0.03125, 9163.527, 18.75781, 0, null],
		[ new Date(2018,3,18,17,15,25), 0.03125, 9161.488, 18.75781, 0, null],
		[ new Date(2018,3,18,17,15,24), 0.03125, 9158.668, 18.75781, 0, null],
		[ new Date(2018,3,18,17,15,23), 0.03125, 9158.34, 18.75781, 0, null],
		[ new Date(2018,3,18,17,15,22), 0.03125, 9133.492, 18.75781, 0, null],
		[ new Date(2018,3,18,17,15,21), 0.03125, 9133.332, 18.75781, 0, null],
		[ new Date(2018,3,18,17,15,20), 0.03125, 9133.336, 18.75781, 0, null],
		[ new Date(2018,3,18,17,15,19), 0.03125, 9107.035, 18.75781, 0, null],
		[ new Date(2018,3,18,17,15,18), 0.03125, 9105.414, 18.75781, 0, null],
		[ new Date(2018,3,18,17,15,17), 0.03125, 9099.574, 18.75781, 0, null],
		[ new Date(2018,3,18,17,15,16), 0.03125, 9096.645, 18.75781, 0, null],
		[ new Date(2018,3,18,17,15,15), 0.03125, 9089.051, 18.75781, 0, null],
		[ new Date(2018,3,18,17,15,14), 0.03125, 9089.055, 18.75781, 0, null],
		[ new Date(2018,3,18,17,15,13), 0.03125, 9082.913, 18.75781, 0, null],
		[ new Date(2018,3,18,17,15,12), 0.03125, 9082.828, 18.75781, 0, null],
		[ new Date(2018,3,18,17,15,11), 0.03125, 9081.449, 18.75781, 0, null],
		[ new Date(2018,3,18,17,15,10), 0.03125, 9071.199, 18.75781, 0, null],
		[ new Date(2018,3,18,17,15,9), 0.03125, 9065.423, 18.75781, 0, null],
		[ new Date(2018,3,18,17,15,8), 0.03125, 9050.637, 18.75781, 0, null],
		[ new Date(2018,3,18,17,15,7), 0.03125, 9046.089, 18.75781, 0, null],
		[ new Date(2018,3,18,17,15,6), 0.03125, 9044.004, 18.75781, 0, null],
		[ new Date(2018,3,18,17,15,5), 0.03125, 9039.348, 18.75781, 0, null],
		[ new Date(2018,3,18,17,15,4), 0.03125, 9039.436, 18.75781, 0, null],
		[ new Date(2018,3,18,17,15,3), 0.03125, 9039.312, 18.75781, 0, null],
		[ new Date(2018,3,18,17,15,2), 0.03125, 9038.746, 18.75781, 0, null],
		[ new Date(2018,3,18,17,15,1), 0.03125, 9038.725, 18.75781, 0, null],
		[ new Date(2018,3,18,17,15,0), 0.03125, 9038.636, 18.75781, 0, null],
		[ new Date(2018,3,18,17,14,59), 0.03125, 9038.003, 18.75781, 0, null],
		[ new Date(2018,3,18,17,14,58), 0.03125, 9034.703, 18.75781, 0, null],
		[ new Date(2018,3,18,17,14,57), 0.03125, 9032.91, 18.75781, 0, null],
		[ new Date(2018,3,18,17,14,56), 0.03125, 9032.023, 18.75781, 0, null],
		[ new Date(2018,3,18,17,14,55), 0.03125, 9031.785, 18.75781, 0, null],
		[ new Date(2018,3,18,17,14,54), 0.03125, 9031.461, 18.75781, 0, null],
		[ new Date(2018,3,18,17,14,53), 0.03125, 9031.465, 18.75781, 0, null],
		[ new Date(2018,3,18,17,14,52), 0.03125, 9031.461, 18.75781, 0, null],
		[ new Date(2018,3,18,17,14,51), 0.03125, 9031.445, 18.75781, 0, null],
		[ new Date(2018,3,18,17,14,50), 0.03125, 9031.228, 18.75781, 0, null],
		[ new Date(2018,3,18,17,14,49), 0.03125, 9030.641, 18.75781, 0, null],
		[ new Date(2018,3,18,17,14,48), 0.03125, 9023.401, 18.75781, 0, null],
		[ new Date(2018,3,18,17,14,47), 0.03125, 9006.396, 18.75781, 0, null],
		[ new Date(2018,3,18,17,14,46), 0.03125, 8987.789, 18.75781, 0, null],
		[ new Date(2018,3,18,17,14,45), 0.03125, 8965.894, 18.75781, 0, null],
		[ new Date(2018,3,18,17,14,44), 0.03125, 8945.57, 18.75781, 0, null],
		[ new Date(2018,3,18,17,14,43), 0.03125, 8925.478, 18.75781, 0, null],
		[ new Date(2018,3,18,17,14,42), 0.03125, 8903.999, 18.75781, 0, null],
		[ new Date(2018,3,18,17,14,41), 0.03125, 8862.309, 18.75781, 0, null],
		[ new Date(2018,3,18,17,14,40), 0.03125, 8616.703, 18.75781, 0, null],
		[ new Date(2018,3,18,17,14,39), 0.03125, 8607.973, 18.75781, 0, null],
		[ new Date(2018,3,18,17,14,38), 0.03125, 8607.973, 18.75781, 0, null],
		[ new Date(2018,3,18,17,14,37), 0.03125, 8607.72, 18.75781, 0, null],
		[ new Date(2018,3,18,17,14,36), 0.03125, 8607.778, 18.75781, 0, null],
		[ new Date(2018,3,18,17,14,35), 0.03125, 8605.43, 18.75781, 0, null],
		[ new Date(2018,3,18,17,14,34), 0.03125, 8604.119, 18.75781, 0, null],
		[ new Date(2018,3,18,17,14,33), 0.03125, 8497.885, 18.75781, 0, null],
		[ new Date(2018,3,18,17,14,32), 0.03125, 8419.051, 18.75781, 0, null],
		[ new Date(2018,3,18,17,14,31), 0.03125, 8410.859, 18.75781, 0, null],
		[ new Date(2018,3,18,17,14,30), 0.03125, 8410.187, 18.75781, 0, null],
		[ new Date(2018,3,18,17,14,29), 0.03125, 8408.258, 18.75781, 0, null],
		[ new Date(2018,3,18,17,14,28), 0.03125, 8405.199, 18.75781, 0, null],
		[ new Date(2018,3,18,17,14,27), 0.03125, 8405.199, 18.75781, 0, null],
		[ new Date(2018,3,18,17,14,26), 0.03125, 8405.195, 18.75781, 0, null],
		[ new Date(2018,3,18,17,14,25), 0.03125, 8405.188, 18.75781, 0, null],
		[ new Date(2018,3,18,17,14,24), 0.03125, 8408.634, 18.75781, 0, null],
		[ new Date(2018,3,18,17,14,23), 0.03125, 8408.522, 18.75781, 0, null],
		[ new Date(2018,3,18,17,14,22), 0.03125, 8391.897, 18.75781, 0, null],
		[ new Date(2018,3,18,17,14,21), 0.03125, 8378.74, 18.75781, 0, null],
		[ new Date(2018,3,18,17,14,20), 0.03125, 8353.096, 18.75781, 0, null],
		[ new Date(2018,3,18,17,14,19), 0.03125, 8318.461, 18.75781, 0, null],
		[ new Date(2018,3,18,17,14,18), 0.03125, 8281.674, 18.75781, 0, null],
		[ new Date(2018,3,18,17,14,17), 0.03125, 8248.512, 18.75781, 0, null],
		[ new Date(2018,3,18,17,14,16), 0.03125, 8231.039, 18.75781, 0, null],
		[ new Date(2018,3,18,17,14,15), 0.03125, 8228.02, 18.75781, 0, null],
		[ new Date(2018,3,18,17,14,14), 0.03125, 8203.457, 18.75781, 0, null],
		[ new Date(2018,3,18,17,14,13), 0.03125, 8203.563, 18.75781, 0, null],
		[ new Date(2018,3,18,17,14,12), 0.03125, 8211.824, 18.75781, 0, null],
		[ new Date(2018,3,18,17,14,11), 0.03125, 8199.38, 18.75781, 0, null],
		[ new Date(2018,3,18,17,14,10), 0.03125, 8198.491, 18.75781, 0, null],
		[ new Date(2018,3,18,17,14,9), 0.03125, 8144.969, 18.75781, 0, null],
		[ new Date(2018,3,18,17,14,8), 0.03125, 8118.764, 18.75781, 0, null],
		[ new Date(2018,3,18,17,14,7), 0.03125, 8117.785, 18.75781, 0, null],
		[ new Date(2018,3,18,17,14,6), 0.03125, 8114.617, 18.75781, 0, null],
		[ new Date(2018,3,18,17,14,5), 0.03125, 8113.004, 18.75781, 0, null],
		[ new Date(2018,3,18,17,14,4), 0.03125, 8113, 18.75781, 0, null],
		[ new Date(2018,3,18,17,14,3), 0.03125, 8113, 18.75781, 0, null],
		[ new Date(2018,3,18,17,14,2), 0.03125, 8112.738, 18.75781, 0, null],
		[ new Date(2018,3,18,17,14,1), 0.03125, 8098.887, 18.75781, 0, null],
		[ new Date(2018,3,18,17,14,0), 0.03125, 8084.003, 18.75781, 0, null],
		[ new Date(2018,3,18,17,13,59), 0.03125, 8057.777, 18.75781, 0, null],
		[ new Date(2018,3,18,17,13,58), 0.03125, 7996.073, 18.75781, 0, null],
		[ new Date(2018,3,18,17,13,57), 0.03125, 7960.914, 18.75781, 0, null],
		[ new Date(2018,3,18,17,13,56), 0.03125, 7926.824, 18.75781, 0, null],
		[ new Date(2018,3,18,17,13,55), 0.03125, 7909.723, 18.75781, 0, null],
		[ new Date(2018,3,18,17,13,54), 0.03125, 7909.719, 18.75781, 0, null],
		[ new Date(2018,3,18,17,13,53), 0.03125, 7909.719, 18.75781, 0, null],
		[ new Date(2018,3,18,17,13,52), 0.03125, 7877.578, 18.75781, 0, null],
		[ new Date(2018,3,18,17,13,51), 0.03125, 7877.582, 18.75781, 0, null],
		[ new Date(2018,3,18,17,13,50), 0.03125, 7877.582, 18.75781, 0, null],
		[ new Date(2018,3,18,17,13,49), 0.03125, 7827.324, 18.75781, 0, null],
		[ new Date(2018,3,18,17,13,48), 0.03125, 7825.355, 18.75781, 0, null],
		[ new Date(2018,3,18,17,13,47), 0.03125, 7822.305, 18.75781, 0, null],
		[ new Date(2018,3,18,17,13,46), 0.03125, 7820.309, 18.75781, 0, null],
		[ new Date(2018,3,18,17,13,45), 0.03125, 7820.275, 18.75781, 0, null],
		[ new Date(2018,3,18,17,13,44), 0.03125, 7818.062, 18.75781, 0, null],
		[ new Date(2018,3,18,17,13,43), 0.03125, 7816.039, 18.75781, 0, null],
		[ new Date(2018,3,18,17,13,42), 0.03125, 7815.735, 18.75781, 0, null],
		[ new Date(2018,3,18,17,13,41), 0.03125, 7807.879, 18.75781, 0, null],
		[ new Date(2018,3,18,17,13,40), 0.03125, 7799.471, 18.75781, 0, null],
		[ new Date(2018,3,18,17,13,39), 0.03125, 7769.156, 18.75781, 0, null],
		[ new Date(2018,3,18,17,13,38), 0.03125, 7734.032, 18.75781, 0, null],
		[ new Date(2018,3,18,17,13,37), 0.03125, 7706.82, 18.75781, 0, null],
		[ new Date(2018,3,18,17,13,36), 0.03125, 7683.375, 18.75781, 0, null],
		[ new Date(2018,3,18,17,13,35), 0.03125, 7673.219, 18.75781, 0, null],
		[ new Date(2018,3,18,17,13,34), 0.03125, 7673.401, 18.75781, 0, null],
		[ new Date(2018,3,18,17,13,33), 0.03125, 7688.047, 18.75781, 0, null],
		[ new Date(2018,3,18,17,13,32), 0.03125, 7685.793, 18.75781, 0, null],
		[ new Date(2018,3,18,17,13,31), 0.03125, 7685.785, 18.75781, 0, null],
		[ new Date(2018,3,18,17,13,30), 0.03125, 7574.383, 18.75781, 0, null],
		[ new Date(2018,3,18,17,13,29), 0.03125, 7574.382, 18.75781, 0, null],
		[ new Date(2018,3,18,17,13,28), 0.03125, 7574.355, 18.75781, 0, null],
		[ new Date(2018,3,18,17,13,27), 0.03125, 7574.316, 18.75781, 0, null],
		[ new Date(2018,3,18,17,13,26), 0.03125, 7574.09, 18.75781, 0, null],
		[ new Date(2018,3,18,17,13,25), 0.03125, 7574.09, 18.75781, 0, null],
		[ new Date(2018,3,18,17,13,24), 0.03125, 7573.84, 18.75781, 0, null],
		[ new Date(2018,3,18,17,13,23), 0.03125, 7573.525, 18.75781, 0, null],
		[ new Date(2018,3,18,17,13,22), 0.03125, 7573.341, 18.75781, 0, null],
		[ new Date(2018,3,18,17,13,21), 0.03125, 7573.093, 18.75781, 0, null],
		[ new Date(2018,3,18,17,13,20), 0.03125, 7571.68, 18.75781, 0, null],
		[ new Date(2018,3,18,17,13,19), 0.03125, 7556.785, 18.75781, 0, null],
		[ new Date(2018,3,18,17,13,18), 0.03125, 7533.758, 18.75781, 0, null],
		[ new Date(2018,3,18,17,13,17), 0.03125, 7524.461, 18.75781, 0, null],
		[ new Date(2018,3,18,17,13,16), 0.03125, 7524.457, 18.75781, 0, null],
		[ new Date(2018,3,18,17,13,15), 0.03125, 7554.418, 18.75781, 0, null],
		[ new Date(2018,3,18,17,13,14), 0.03125, 7554.034, 18.75781, 0, null],
		[ new Date(2018,3,18,17,13,13), 0.03125, 7524.268, 18.75781, 0, null],
		[ new Date(2018,3,18,17,13,12), 0.03125, 7522.964, 18.75781, 0, null],
		[ new Date(2018,3,18,17,13,11), 0.03125, 7519.672, 18.75781, 0, null],
		[ new Date(2018,3,18,17,13,10), 0.03125, 7517.977, 18.75781, 0, null],
		[ new Date(2018,3,18,17,13,9), 0.03125, 7517.812, 18.75781, 0, null],
		[ new Date(2018,3,18,17,13,8), 0.03125, 7517.812, 18.75781, 0, null],
		[ new Date(2018,3,18,17,13,7), 0.03125, 7517.809, 18.75781, 0, null],
		[ new Date(2018,3,18,17,13,6), 0.03125, 7517.566, 18.75781, 0, null],
		[ new Date(2018,3,18,17,13,5), 0.03125, 7517.52, 18.75781, 0, null],
		[ new Date(2018,3,18,17,13,4), 0.03125, 7514.484, 18.75781, 0, null],
		[ new Date(2018,3,18,17,13,3), 0.03125, 7494.013, 18.75781, 0, null],
		[ new Date(2018,3,18,17,13,2), 0.03125, 7348.395, 18.75781, 0, null],
		[ new Date(2018,3,18,17,13,1), 0.03125, 7315.906, 18.75781, 0, null],
		[ new Date(2018,3,18,17,13,0), 0.03125, 7298.891, 18.75781, 0, null],
		[ new Date(2018,3,18,17,12,59), 0.03125, 7298.891, 18.75781, 0, null],
		[ new Date(2018,3,18,17,12,58), 0.03125, 7298.895, 18.75781, 0, null],
		[ new Date(2018,3,18,17,12,57), 0.03125, 7298.894, 18.75781, 0, null],
		[ new Date(2018,3,18,17,12,56), 0.03125, 7298.867, 18.75781, 0, null],
		[ new Date(2018,3,18,17,12,55), 0.03125, 7298.852, 18.75781, 0, null],
		[ new Date(2018,3,18,17,12,54), 0.03125, 7298.772, 18.75781, 0, null],
		[ new Date(2018,3,18,17,12,53), 0.03125, 7293.576, 18.75781, 0, null],
		[ new Date(2018,3,18,17,12,52), 0.03125, 7291.617, 18.75781, 0, null],
		[ new Date(2018,3,18,17,12,51), 0.03125, 7289.008, 18.75781, 0, null],
		[ new Date(2018,3,18,17,12,50), 0.03125, 7289.004, 18.75781, 0, null],
		[ new Date(2018,3,18,17,12,49), 0.03125, 7289.047, 18.75781, 0, null],
		[ new Date(2018,3,18,17,12,48), 0.03125, 7288.4, 18.75781, 0, null],
		[ new Date(2018,3,18,17,12,47), 0.03125, 7287.886, 18.75781, 0, null],
		[ new Date(2018,3,18,17,12,46), 0.03125, 7263.652, 18.75781, 0, null],
		[ new Date(2018,3,18,17,12,45), 0.03125, 7231.582, 18.75781, 0, null],
		[ new Date(2018,3,18,17,12,44), 0.03125, 7207.672, 18.75781, 0, null],
		[ new Date(2018,3,18,17,12,43), 0.03125, 7207.668, 18.75781, 0, null],
		[ new Date(2018,3,18,17,12,42), 0.03125, 7207.668, 18.75781, 0, null],
		[ new Date(2018,3,18,17,12,41), 0.03125, 7207.344, 18.75781, 0, null],
		[ new Date(2018,3,18,17,12,40), 0.03125, 7156.964, 18.75391, 0, null],
		[ new Date(2018,3,18,17,12,39), 0.03125, 7154.848, 18.75391, 0, null],
		[ new Date(2018,3,18,17,12,38), 0.03125, 7152.727, 18.75391, 0, null],
		[ new Date(2018,3,18,17,12,37), 0.03125, 7150.102, 18.75391, 0, null],
		[ new Date(2018,3,18,17,12,36), 0.03125, 7150.098, 18.75391, 0, null],
		[ new Date(2018,3,18,17,12,35), 0.03125, 7151.084, 18.75391, 0, null],
		[ new Date(2018,3,18,17,12,34), 0.03125, 7179.012, 18.75391, 0, null],
		[ new Date(2018,3,18,17,12,33), 0.03125, 7162.013, 18.75391, 0, null],
		[ new Date(2018,3,18,17,12,32), 0.03125, 7130.528, 18.75391, 0, null],
		[ new Date(2018,3,18,17,12,31), 0.03125, 7092.656, 18.75391, 0, null],
		[ new Date(2018,3,18,17,12,30), 0.03125, 7077.266, 18.75391, 0, null],
		[ new Date(2018,3,18,17,12,29), 0.03125, 7077.262, 18.75391, 0, null],
		[ new Date(2018,3,18,17,12,28), 0.03125, 7077.262, 18.75391, 0, null],
		[ new Date(2018,3,18,17,12,27), 0.03125, 7064.695, 18.75391, 0, null],
		[ new Date(2018,3,18,17,12,26), 0.03125, 7064.458, 18.75391, 0, null],
		[ new Date(2018,3,18,17,12,25), 0.03125, 7045.23, 18.75391, 0, null],
		[ new Date(2018,3,18,17,12,24), 0.03125, 7044.617, 18.75391, 0, null],
		[ new Date(2018,3,18,17,12,23), 0.03125, 7042.41, 18.75391, 0, null],
		[ new Date(2018,3,18,17,12,22), 0.03125, 7042.406, 18.75391, 0, null],
		[ new Date(2018,3,18,17,12,21), 0.03125, 7041.967, 18.75391, 0, null],
		[ new Date(2018,3,18,17,12,20), 0.03125, 7033.518, 18.75391, 0, null],
		[ new Date(2018,3,18,17,12,19), 0.03125, 7028.293, 18.75391, 0, null],
		[ new Date(2018,3,18,17,12,18), 0.03125, 7003.754, 18.75391, 0, null],
		[ new Date(2018,3,18,17,12,17), 0.03125, 7002.406, 18.75391, 0, null],
		[ new Date(2018,3,18,17,12,16), 0.03125, 7002.281, 18.75391, 0, null],
		[ new Date(2018,3,18,17,12,15), 0.03125, 6995.227, 18.75391, 0, null],
		[ new Date(2018,3,18,17,12,14), 0.03125, 6995.095, 18.75391, 0, null],
		[ new Date(2018,3,18,17,12,13), 0.03125, 6988.508, 18.75391, 0, null],
		[ new Date(2018,3,18,17,12,12), 0.03125, 6983.559, 18.75391, 0, null],
		[ new Date(2018,3,18,17,12,11), 0.03125, 6983.051, 18.75391, 0, null],
		[ new Date(2018,3,18,17,12,10), 0.03125, 6956.094, 18.75391, 0, null],
		[ new Date(2018,3,18,17,12,9), 0.03125, 6947.71, 18.75391, 0, null],
		[ new Date(2018,3,18,17,12,8), 0.03125, 6926.922, 18.75391, 0, null],
		[ new Date(2018,3,18,17,12,7), 0.03125, 6841.867, 18.75391, 0, null],
		[ new Date(2018,3,18,17,12,6), 0.03125, 6841.574, 18.75391, 0, null],
		[ new Date(2018,3,18,17,12,5), 0.03125, 6811.533, 18.75391, 0, null],
		[ new Date(2018,3,18,17,12,4), 0.03125, 6811.059, 18.75391, 0, null],
		[ new Date(2018,3,18,17,12,3), 0.03125, 6808.152, 18.75391, 0, null],
		[ new Date(2018,3,18,17,12,2), 0.03125, 6805.754, 18.75391, 0, null],
		[ new Date(2018,3,18,17,12,1), 0.03125, 6805.754, 18.75391, 0, null],
		[ new Date(2018,3,18,17,12,0), 0.03125, 6805.734, 18.75391, 0, null],
		[ new Date(2018,3,18,17,11,59), 0.03125, 6805.707, 18.75391, 0, null],
		[ new Date(2018,3,18,17,11,58), 0.03125, 6801.27, 18.75391, 0, null],
		[ new Date(2018,3,18,17,11,57), 0.03125, 6794.027, 18.75391, 0, null],
		[ new Date(2018,3,18,17,11,56), 0.03125, 6769.414, 18.75391, 0, null],
		[ new Date(2018,3,18,17,11,55), 0.03125, 6769.418, 18.75391, 0, null],
		[ new Date(2018,3,18,17,11,54), 0.03125, 6769.418, 18.75391, 0, null],
		[ new Date(2018,3,18,17,11,53), 0.03125, 6769.413, 18.75391, 0, null],
		[ new Date(2018,3,18,17,11,52), 0.03125, 6769.352, 18.75391, 0, null],
		[ new Date(2018,3,18,17,11,51), 0.03125, 6742.456, 18.75391, 0, null],
		[ new Date(2018,3,18,17,11,50), 0.03125, 6749.086, 18.75391, 0, null],
		[ new Date(2018,3,18,17,11,49), 0.03125, 6746.5, 18.75391, 0, null],
		[ new Date(2018,3,18,17,11,48), 0.03125, 6746.502, 18.75391, 0, null],
		[ new Date(2018,3,18,17,11,47), 0.03125, 6746.363, 18.75391, 0, null],
		[ new Date(2018,3,18,17,11,46), 0.03125, 6743.883, 18.75391, 0, null],
		[ new Date(2018,3,18,17,11,45), 0.03125, 6733.873, 18.75391, 0, null],
		[ new Date(2018,3,18,17,11,44), 0.03125, 6695.363, 18.75391, 0, null],
		[ new Date(2018,3,18,17,11,43), 0.03125, 6690.512, 18.75391, 0, null],
		[ new Date(2018,3,18,17,11,42), 0.03125, 6690.508, 18.75391, 0, null],
		[ new Date(2018,3,18,17,11,41), 0.03125, 6690.48, 18.75391, 0, null],
		[ new Date(2018,3,18,17,11,40), 0.03125, 6688.438, 18.75391, 0, null],
		[ new Date(2018,3,18,17,11,39), 0.03125, 6664.242, 18.75391, 0, null],
		[ new Date(2018,3,18,17,11,38), 0.03125, 6666.179, 18.75391, 0, null],
		[ new Date(2018,3,18,17,11,37), 0.03125, 6664.191, 18.75391, 0, null],
		[ new Date(2018,3,18,17,11,36), 0.03125, 6663.012, 18.75391, 0, null],
		[ new Date(2018,3,18,17,11,35), 0.03125, 6663.012, 18.75391, 0, null],
		[ new Date(2018,3,18,17,11,34), 0.03125, 6662.834, 18.75391, 0, null],
		[ new Date(2018,3,18,17,11,33), 0.03125, 6656.688, 18.75391, 0, null],
		[ new Date(2018,3,18,17,11,32), 0.03125, 6633.883, 18.75391, 0, null],
		[ new Date(2018,3,18,17,11,31), 0.03125, 6612.055, 18.75391, 0, null],
		[ new Date(2018,3,18,17,11,30), 0.03125, 6612.054, 18.75391, 0, null],
		[ new Date(2018,3,18,17,11,29), 0.03125, 6612.178, 18.75391, 0, null],
		[ new Date(2018,3,18,17,11,28), 0.03125, 6626.52, 18.75391, 0, null],
		[ new Date(2018,3,18,17,11,27), 0.03125, 6587.438, 18.75391, 0, null],
		[ new Date(2018,3,18,17,11,26), 0.03125, 6583.289, 18.75391, 0, null],
		[ new Date(2018,3,18,17,11,25), 0.03125, 6582.952, 18.75391, 0, null],
		[ new Date(2018,3,18,17,11,24), 0.03125, 6582.852, 18.75391, 0, null],
		[ new Date(2018,3,18,17,11,23), 0.03125, 6491.969, 18.75391, 0, null],
		[ new Date(2018,3,18,17,11,22), 0.03125, 6500.137, 18.75391, 0, null],
		[ new Date(2018,3,18,17,11,21), 0.03125, 6471.422, 18.75391, 0, null],
		[ new Date(2018,3,18,17,11,20), 0.03125, 6451.371, 18.75391, 0, null],
		[ new Date(2018,3,18,17,11,19), 0.03125, 6451.128, 18.75391, 0, null],
		[ new Date(2018,3,18,17,11,18), 0.03125, 6451.211, 18.75391, 0, null],
		[ new Date(2018,3,18,17,11,17), 0.03125, 6461.744, 18.75391, 0, null],
		[ new Date(2018,3,18,17,11,16), 0.03125, 6461.582, 18.75391, 0, null],
		[ new Date(2018,3,18,17,11,15), 0.03125, 6461.059, 18.75391, 0, null],
		[ new Date(2018,3,18,17,11,14), 0.03125, 6461.718, 18.75391, 0, null],
		[ new Date(2018,3,18,17,11,13), 0.03125, 6461.383, 18.75391, 0, null],
		[ new Date(2018,3,18,17,11,12), 0.03125, 6460.151, 18.75391, 0, null],
		[ new Date(2018,3,18,17,11,11), 0.03125, 6457.511, 18.75391, 0, null],
		[ new Date(2018,3,18,17,11,10), 0.03125, 6406.223, 18.75391, 0, null],
		[ new Date(2018,3,18,17,11,9), 0.03125, 6372.092, 18.75391, 0, null],
		[ new Date(2018,3,18,17,11,8), 0.03125, 6371.292, 18.75391, 0, null],
		[ new Date(2018,3,18,17,11,7), 0.03125, 6346.84, 18.75391, 0, null],
		[ new Date(2018,3,18,17,11,6), 0.03125, 6343.031, 18.75391, 0, null],
		[ new Date(2018,3,18,17,11,5), 0.03125, 6342.69, 18.75391, 0, null],
		[ new Date(2018,3,18,17,11,4), 0.03125, 6315.57, 18.75391, 0, null],
		[ new Date(2018,3,18,17,11,3), 0.03125, 6322.273, 18.75391, 0, null],
		[ new Date(2018,3,18,17,11,2), 0.03125, 6309.602, 18.75391, 0, null],
		[ new Date(2018,3,18,17,11,1), 0.03125, 6309.605, 18.75391, 0, null],
		[ new Date(2018,3,18,17,11,0), 0.03125, 6309.605, 18.75391, 0, null],